# {"t_start": 1614889403.8009524, "env_id": "Craft-single-M6-v0"} 
r,l,t
0.0,1000,0.191115
0.0,1000,0.383554
0.0,1000,0.571988
0.0,1000,0.75922
0.0,1000,0.946748
0.0,1000,1.133431
0.0,1000,1.321451
0.0,1000,1.509541
0.0,1000,1.697019
0.0,1000,1.885861
0.0,1000,2.072513
0.0,1000,2.263042
0.0,1000,2.450425
0.0,1000,2.637296
0.0,1000,2.824473
0.0,1000,3.011923
0.0,1000,3.202339
0.0,1000,3.389655
0.0,1000,3.577232
0.0,1000,3.764854
0.0,1000,3.953146
0.0,1000,4.140901
0.0,1000,4.328897
0.0,1000,4.517186
0.0,1000,4.704838
0.0,1000,4.895834
0.0,1000,5.084428
0.0,1000,5.272188
0.0,1000,5.460576
0.0,1000,5.648371
0.0,1000,5.83596
0.0,1000,6.023915
0.0,1000,6.212023
0.0,1000,6.401051
0.0,1000,6.589299
0.0,1000,6.777785
0.0,1000,6.966671
0.0,1000,7.154398
0.0,1000,7.342728
0.0,1000,7.531048
0.0,1000,7.718906
0.0,1000,7.908228
0.0,1000,8.097016
0.0,1000,8.288969
0.0,1000,8.478655
0.0,1000,8.668433
0.0,1000,8.858224
0.0,1000,9.047935
0.0,1000,9.237797
0.0,1000,9.427106
0.0,1000,9.61658
0.0,1000,9.806069
0.0,1000,9.99504
0.0,1000,10.183655
0.0,1000,10.372836
0.0,1000,10.561894
0.0,1000,10.751577
0.0,1000,10.94085
0.0,1000,11.130142
0.0,1000,11.318901
0.0,1000,11.507744
0.0,1000,11.696885
0.0,1000,11.885969
0.0,1000,12.075271
0.0,1000,12.264043
0.0,1000,12.452451
0.0,1000,12.641592
0.0,1000,12.834777
0.0,1000,13.024143
0.0,1000,13.213198
0.0,1000,13.402029
0.0,1000,13.591151
0.0,1000,13.779637
0.0,1000,13.968264
0.0,1000,14.156856
0.0,1000,14.345572
0.0,1000,14.534857
0.0,1000,14.723765
0.0,1000,14.912516
0.0,1000,15.101676
0.0,1000,15.290479
0.0,1000,15.478131
0.0,1000,15.665914
0.0,1000,15.853646
0.0,1000,16.041261
0.0,1000,16.228475
0.0,1000,16.415561
0.0,1000,16.602761
0.0,1000,16.790116
0.0,1000,16.97835
0.0,1000,17.166113
0.0,1000,17.354017
0.0,1000,17.542472
0.0,1000,17.730024
0.0,1000,17.918146
0.0,1000,18.105274
0.0,1000,18.29318
0.0,1000,18.484703
0.0,1000,18.672994
0.0,1000,18.86142
0.0,1000,19.049784
0.0,1000,19.238236
0.0,1000,19.42659
0.0,1000,19.614821
0.0,1000,19.802621
0.0,1000,19.99081
0.0,1000,20.178896
0.0,1000,20.36666
0.0,1000,20.554936
0.0,1000,20.742461
0.0,1000,20.930423
0.0,1000,21.118256
0.0,1000,21.305613
0.0,1000,21.493274
0.0,1000,21.681402
0.0,1000,21.869739
0.0,1000,22.057349
0.0,1000,22.24518
0.0,1000,22.432807
0.0,1000,22.620364
0.0,1000,22.808984
0.0,1000,22.997938
0.0,1000,23.186949
0.0,1000,23.374447
0.0,1000,23.562118
0.0,1000,23.750362
0.0,1000,23.938865
0.0,1000,24.126864
0.0,1000,24.314767
0.0,1000,24.502705
0.0,1000,24.691346
0.0,1000,24.879236
0.0,1000,25.067615
0.0,1000,25.256054
0.0,1000,25.443914
0.0,1000,25.631045
0.0,1000,25.821879
0.0,1000,26.010622
0.0,1000,26.19867
0.0,1000,26.386938
0.0,1000,26.575702
0.0,1000,26.764333
0.0,1000,26.953047
0.0,1000,27.141533
0.0,1000,27.328942
0.0,1000,27.517334
0.0,1000,27.706191
0.0,1000,27.895296
0.0,1000,28.084514
0.0,1000,28.272831
0.0,1000,28.460506
0.0,1000,28.648875
0.0,1000,28.837378
0.0,1000,29.025668
0.0,1000,29.213796
0.0,1000,29.401665
0.0,1000,29.590129
0.0,1000,29.777585
0.0,1000,29.965225
0.0,1000,30.152916
0.0,1000,30.340604
0.0,1000,30.528609
0.0,1000,30.716221
0.0,1000,30.903818
0.0,1000,31.091338
0.0,1000,31.279523
0.0,1000,31.466762
0.0,1000,31.654527
0.0,1000,31.842994
0.0,1000,32.031011
0.0,1000,32.219559
0.0,1000,32.408485
0.0,1000,32.597938
0.0,1000,32.786786
0.0,1000,32.9748
0.0,1000,33.162946
0.0,1000,33.351175
0.0,1000,33.538962
0.0,1000,33.72721
0.0,1000,33.915122
0.0,1000,34.10316
0.0,1000,34.290628
0.0,1000,34.478477
0.0,1000,34.666672
0.0,1000,34.854733
0.0,1000,35.043278
0.0,1000,35.231441
0.0,1000,35.419727
0.0,1000,35.611664
0.0,1000,35.801064
0.0,1000,35.98978
0.0,1000,36.17748
0.0,1000,36.365451
0.0,1000,36.552988
0.0,1000,36.741079
0.0,1000,36.929243
0.0,1000,37.117669
0.0,1000,37.305537
0.0,1000,37.493901
0.0,1000,37.682038
0.0,1000,37.870478
0.0,1000,38.059068
0.0,1000,38.24731
0.0,1000,38.435418
0.0,1000,38.623338
0.0,1000,38.812764
0.0,1000,39.001234
0.0,1000,39.189583
0.0,1000,39.37738
0.0,1000,39.56505
0.0,1000,39.752912
0.0,1000,39.9404
0.0,1000,40.128541
0.0,1000,40.316293
0.0,1000,40.504353
0.0,1000,40.692748
0.0,1000,40.880687
0.0,1000,41.070036
0.0,1000,41.259033
0.0,1000,41.44749
0.0,1000,41.635092
0.0,1000,41.823287
0.0,1000,42.011142
0.0,1000,42.198879
0.0,1000,42.386863
0.0,1000,42.575066
0.0,1000,42.763423
0.0,1000,42.951673
0.0,1000,43.139733
0.0,1000,43.327806
0.0,1000,43.516311
0.0,1000,43.703875
0.0,1000,43.891605
0.0,1000,44.079327
0.0,1000,44.267269
0.0,1000,44.455496
0.0,1000,44.643339
0.0,1000,44.831313
0.0,1000,45.018492
0.0,1000,45.206334
0.0,1000,45.394217
0.0,1000,45.582179
0.0,1000,45.770145
0.0,1000,45.958488
0.0,1000,46.146964
0.0,1000,46.336459
0.0,1000,46.524427
0.0,1000,46.712475
0.0,1000,46.900156
0.0,1000,47.087992
0.0,1000,47.276155
0.0,1000,47.463771
0.0,1000,47.651722
0.0,1000,47.839333
0.0,1000,48.027211
0.0,1000,48.219094
0.0,1000,48.406733
0.0,1000,48.594442
0.0,1000,48.782492
0.0,1000,48.970386
0.0,1000,49.158583
1.0,784,49.305553
0.0,1000,49.493332
0.0,1000,49.680787
0.0,1000,49.868665
0.0,1000,50.056259
0.0,1000,50.243728
0.0,1000,50.431682
0.0,1000,50.619881
0.0,1000,50.8082
0.0,1000,50.996042
0.0,1000,51.183611
0.0,1000,51.371217
0.0,1000,51.559776
0.0,1000,51.747295
0.0,1000,51.934947
0.0,1000,52.122598
0.0,1000,52.310441
0.0,1000,52.498567
0.0,1000,52.686137
0.0,1000,52.873807
0.0,1000,53.06217
0.0,1000,53.250766
0.0,1000,53.438788
0.0,1000,53.626496
0.0,1000,53.814396
0.0,1000,54.001533
0.0,1000,54.18951
0.0,1000,54.377105
0.0,1000,54.564639
0.0,1000,54.752543
0.0,1000,54.940671
0.0,1000,55.128369
0.0,1000,55.315805
0.0,1000,55.503663
1.0,524,55.601955
0.0,1000,55.791123
0.0,1000,55.980119
0.0,1000,56.169012
0.0,1000,56.358014
0.0,1000,56.546746
0.0,1000,56.73507
0.0,1000,56.924012
0.0,1000,57.113399
0.0,1000,57.301515
0.0,1000,57.490266
0.0,1000,57.677941
0.0,1000,57.866709
0.0,1000,58.055264
0.0,1000,58.243005
0.0,1000,58.431781
0.0,1000,58.621567
0.0,1000,58.810563
0.0,1000,58.999176
0.0,1000,59.187865
0.0,1000,59.375851
0.0,1000,59.564926
0.0,1000,59.753402
0.0,1000,59.941632
0.0,1000,60.13
0.0,1000,60.318098
0.0,1000,60.507356
0.0,1000,60.695445
0.0,1000,60.883674
0.0,1000,61.071222
0.0,1000,61.258733
0.0,1000,61.446964
0.0,1000,61.635156
0.0,1000,61.822623
0.0,1000,62.009901
0.0,1000,62.196996
0.0,1000,62.384659
1.0,972,62.566662
0.0,1000,62.755012
0.0,1000,62.944031
0.0,1000,63.132695
0.0,1000,63.321752
0.0,1000,63.509972
0.0,1000,63.698153
0.0,1000,63.886382
0.0,1000,64.074424
0.0,1000,64.262749
0.0,1000,64.454889
0.0,1000,64.644021
0.0,1000,64.832495
0.0,1000,65.020681
0.0,1000,65.209972
0.0,1000,65.398926
0.0,1000,65.586877
0.0,1000,65.775049
0.0,1000,65.962918
0.0,1000,66.150457
0.0,1000,66.338518
1.0,280,66.391039
0.0,1000,66.578201
0.0,1000,66.765823
0.0,1000,66.953615
0.0,1000,67.140893
0.0,1000,67.328191
0.0,1000,67.516236
0.0,1000,67.704355
1.0,498,67.798303
0.0,1000,67.98683
0.0,1000,68.17558
0.0,1000,68.363778
0.0,1000,68.551586
0.0,1000,68.739499
0.0,1000,68.926787
0.0,1000,69.114189
0.0,1000,69.301853
0.0,1000,69.490085
0.0,1000,69.677986
0.0,1000,69.86665
0.0,1000,70.054405
0.0,1000,70.242018
0.0,1000,70.430083
0.0,1000,70.618078
0.0,1000,70.805489
0.0,1000,70.993004
0.0,1000,71.180709
0.0,1000,71.368821
0.0,1000,71.557056
1.0,769,71.701091
1.0,931,71.87522
0.0,1000,72.063135
0.0,1000,72.251175
1.0,510,72.34679
0.0,1000,72.534713
0.0,1000,72.722066
0.0,1000,72.910052
0.0,1000,73.097602
0.0,1000,73.285351
0.0,1000,73.473405
1.0,605,73.587258
0.0,1000,73.774837
1.0,282,73.828021
0.0,1000,74.015804
0.0,1000,74.20404
0.0,1000,74.392554
0.0,1000,74.580572
0.0,1000,74.769199
0.0,1000,74.956971
0.0,1000,75.145401
0.0,1000,75.333495
1.0,404,75.409229
1.0,590,75.520088
0.0,1000,75.708206
0.0,1000,75.896291
1.0,603,76.009206
0.0,1000,76.196514
0.0,1000,76.383874
0.0,1000,76.57175
0.0,1000,76.759086
0.0,1000,76.947176
1.0,670,77.072975
0.0,1000,77.260207
0.0,1000,77.448239
0.0,1000,77.636151
0.0,1000,77.824203
0.0,1000,78.012261
0.0,1000,78.20014
0.0,1000,78.388045
0.0,1000,78.576446
1.0,705,78.709403
1.0,731,78.84715
1.0,867,79.01114
1.0,926,79.186062
0.0,1000,79.375669
1.0,108,79.396133
0.0,1000,79.58487
0.0,1000,79.773155
0.0,1000,79.961922
0.0,1000,80.150213
0.0,1000,80.338278
0.0,1000,80.527068
1.0,607,80.641101
1.0,755,80.783509
1.0,585,80.894289
1.0,932,81.070655
0.0,1000,81.260029
1.0,761,81.403058
0.0,1000,81.591376
0.0,1000,81.779646
1.0,898,81.948821
0.0,1000,82.137234
0.0,1000,82.325644
0.0,1000,82.513861
1.0,825,82.669462
0.0,1000,82.858314
1.0,242,82.904015
1.0,638,83.024342
1.0,685,83.153499
0.0,1000,83.342002
0.0,1000,83.530228
1.0,374,83.600646
0.0,1000,83.788894
1.0,282,83.842136
1.0,223,83.88417
0.0,1000,84.071945
1.0,226,84.114588
1.0,659,84.238672
1.0,318,84.298579
1.0,735,84.437022
0.0,1000,84.62539
1.0,679,84.753341
1.0,222,84.795148
1.0,522,84.893396
0.0,1000,85.082215
0.0,1000,85.269915
1.0,655,85.393115
1.0,730,85.530647
1.0,246,85.577249
1.0,658,85.705356
0.0,1000,85.893493
0.0,1000,86.081255
0.0,1000,86.269245
0.0,1000,86.456847
1.0,454,86.542155
1.0,342,86.606674
0.0,1000,86.794547
0.0,1000,86.98175
1.0,134,87.007008
0.0,1000,87.194456
0.0,1000,87.381677
1.0,441,87.464273
1.0,124,87.487778
1.0,262,87.536825
1.0,253,87.5842
1.0,770,87.72881
1.0,514,87.825034
0.0,1000,88.012463
1.0,786,88.160382
0.0,1000,88.349401
1.0,326,88.411088
1.0,188,88.446518
0.0,1000,88.634963
1.0,305,88.692508
1.0,306,88.749829
0.0,1000,88.937213
1.0,224,88.979278
0.0,1000,89.166381
1.0,844,89.324633
1.0,188,89.359915
0.0,1000,89.54759
1.0,328,89.609239
1.0,112,89.630358
1.0,412,89.707437
0.0,1000,89.894864
1.0,562,90.0008
1.0,699,90.132499
1.0,156,90.161973
1.0,122,90.184947
1.0,928,90.35909
1.0,98,90.377661
1.0,120,90.400264
1.0,136,90.425822
0.0,1000,90.613864
1.0,562,90.719455
0.0,1000,90.906759
1.0,584,91.016471
0.0,1000,91.203967
1.0,92,91.221333
1.0,160,91.2514
1.0,350,91.316975
1.0,322,91.377505
0.0,1000,91.564876
1.0,122,91.587941
1.0,618,91.703732
1.0,329,91.765678
1.0,845,91.92412
1.0,763,92.067211
1.0,543,92.169366
1.0,474,92.25879
1.0,892,92.426646
1.0,84,92.442553
1.0,124,92.465893
0.0,1000,92.654002
1.0,698,92.785272
1.0,124,92.80868
1.0,110,92.829384
1.0,204,92.867781
1.0,330,92.929911
1.0,112,92.951021
1.0,80,92.966068
1.0,673,93.092676
1.0,936,93.269392
1.0,120,93.29208
1.0,250,93.339068
0.0,1000,93.527088
0.0,1000,93.714879
1.0,258,93.763617
1.0,216,93.80443
1.0,332,93.86693
1.0,88,93.883524
1.0,916,94.055677
1.0,76,94.07005
1.0,294,94.125751
1.0,114,94.147213
1.0,60,94.158551
1.0,731,94.296034
1.0,399,94.371207
1.0,811,94.523547
1.0,106,94.543568
1.0,152,94.572126
0.0,1000,94.760401
1.0,534,94.860877
1.0,86,94.877117
1.0,905,95.046736
0.0,1000,95.234682
1.0,78,95.24945
1.0,102,95.268684
1.0,106,95.288645
0.0,1000,95.476602
1.0,330,95.538937
1.0,148,95.566834
1.0,221,95.608389
1.0,380,95.679858
1.0,154,95.708801
1.0,82,95.724176
1.0,209,95.76329
1.0,90,95.780122
1.0,209,95.819374
1.0,656,95.942541
1.0,430,96.023524
1.0,110,96.044294
1.0,907,96.2141
1.0,122,96.237055
1.0,145,96.264421
1.0,62,96.276087
1.0,592,96.387228
0.0,1000,96.574715
1.0,162,96.605224
1.0,70,96.618346
1.0,138,96.644281
1.0,829,96.799773
1.0,92,96.817099
0.0,1000,97.004529
1.0,116,97.02641
0.0,1000,97.214013
1.0,104,97.233644
1.0,138,97.259689
1.0,282,97.312692
1.0,501,97.406655
1.0,828,97.56277
1.0,62,97.574469
1.0,86,97.590613
1.0,224,97.632643
1.0,274,97.683955
1.0,128,97.707971
1.0,154,97.736821
1.0,822,97.891121
1.0,626,98.008986
1.0,116,98.030837
1.0,78,98.045578
1.0,60,98.056864
1.0,148,98.084851
1.0,68,98.097682
1.0,226,98.140098
1.0,112,98.16117
0.0,1000,98.349479
1.0,446,98.433978
1.0,429,98.515333
1.0,62,98.52714
0.0,1000,98.716027
1.0,260,98.765114
1.0,780,98.912322
1.0,106,98.93239
1.0,166,98.963689
1.0,74,98.977666
1.0,106,98.997686
1.0,663,99.122893
1.0,132,99.148022
1.0,221,99.189801
1.0,94,99.207634
1.0,68,99.220508
1.0,76,99.234858
1.0,198,99.272247
1.0,563,99.378689
1.0,134,99.404175
1.0,76,99.418483
1.0,74,99.432408
1.0,502,99.527226
1.0,216,99.567953
1.0,82,99.58349
1.0,175,99.616388
1.0,72,99.630022
1.0,190,99.665895
1.0,122,99.688893
1.0,108,99.709691
1.0,947,99.889024
1.0,100,99.908016
1.0,918,100.080559
1.0,781,100.228303
1.0,944,100.40551
1.0,92,100.422997
1.0,56,100.433605
1.0,72,100.44712
1.0,70,100.460358
1.0,86,100.47657
1.0,72,100.490143
1.0,76,100.504457
1.0,739,100.643592
0.0,1000,100.832351
1.0,98,100.850993
1.0,66,100.863483
1.0,58,100.874426
1.0,58,100.885334
1.0,986,101.070839
1.0,249,101.117862
1.0,272,101.16928
1.0,78,101.184122
1.0,192,101.220459
1.0,181,101.254622
1.0,272,101.305988
1.0,72,101.319589
1.0,94,101.337296
1.0,150,101.365729
1.0,164,101.396673
1.0,66,101.409124
0.0,1000,101.597431
1.0,812,101.750957
1.0,60,101.762358
1.0,344,101.827283
1.0,72,101.840909
1.0,664,101.965795
1.0,158,101.99559
1.0,284,102.049006
1.0,56,102.059642
1.0,80,102.074648
1.0,116,102.096432
1.0,118,102.118712
1.0,66,102.131141
1.0,887,102.297956
1.0,98,102.31647
1.0,60,102.327788
1.0,68,102.340581
1.0,162,102.371142
1.0,903,102.541006
0.0,1000,102.729182
1.0,62,102.741039
1.0,742,102.880867
1.0,84,102.896721
1.0,88,102.91331
1.0,192,102.949424
1.0,651,103.071851
1.0,92,103.089192
1.0,58,103.100114
1.0,958,103.280614
1.0,56,103.291257
1.0,130,103.315738
1.0,116,103.337546
1.0,150,103.365681
1.0,72,103.379276
1.0,96,103.397377
1.0,264,103.446863
1.0,76,103.461168
1.0,60,103.472448
1.0,388,103.54548
1.0,80,103.56055
1.0,678,103.68787
0.0,1000,103.87527
1.0,60,103.886629
1.0,342,103.95079
1.0,66,103.963235
1.0,74,103.97709
1.0,136,104.002775
1.0,260,104.051481
1.0,82,104.066931
1.0,64,104.078952
1.0,300,104.135219
0.0,1000,104.323035
1.0,102,104.342211
1.0,70,104.35543
1.0,265,104.40532
1.0,64,104.417413
1.0,54,104.427563
1.0,822,104.581688
1.0,66,104.594058
1.0,88,104.610696
1.0,430,104.691612
1.0,78,104.706204
1.0,74,104.72009
1.0,82,104.735452
1.0,66,104.747911
1.0,350,104.813915
1.0,74,104.827809
1.0,80,104.842804
1.0,745,104.982913
1.0,74,104.996923
1.0,82,105.012525
1.0,595,105.124208
1.0,565,105.231154
1.0,60,105.242571
1.0,338,105.30641
1.0,66,105.318982
1.0,60,105.330349
1.0,66,105.342842
1.0,386,105.415782
1.0,58,105.427009
1.0,88,105.443617
1.0,58,105.454521
1.0,112,105.475658
1.0,168,105.50729
1.0,94,105.525036
1.0,52,105.534856
1.0,92,105.552156
1.0,82,105.567636
1.0,254,105.615438
1.0,76,105.629819
1.0,62,105.64143
1.0,58,105.652327
1.0,66,105.664693
1.0,56,105.675235
1.0,232,105.719091
1.0,58,105.730064
1.0,62,105.741727
1.0,287,105.79576
1.0,158,105.825516
1.0,123,105.848857
1.0,70,105.862105
1.0,74,105.876011
1.0,58,105.886923
1.0,785,106.03451
1.0,68,106.047382
1.0,62,106.059095
1.0,980,106.243339
1.0,58,106.25436
1.0,60,106.265644
1.0,451,106.350451
1.0,72,106.364018
1.0,166,106.395233
1.0,162,106.425607
1.0,94,106.443483
0.0,1000,106.631932
1.0,54,106.64222
1.0,62,106.654089
1.0,668,106.779537
1.0,90,106.796639
1.0,60,106.80804
1.0,92,106.825505
1.0,256,106.874083
1.0,66,106.886585
1.0,52,106.896377
1.0,60,106.907724
1.0,70,106.920858
1.0,52,106.930624
1.0,54,106.940777
1.0,64,106.95278
1.0,232,106.996552
1.0,60,107.007884
1.0,170,107.039878
1.0,74,107.053893
1.0,74,107.067765
1.0,72,107.081334
1.0,106,107.101244
1.0,90,107.118181
1.0,58,107.129127
1.0,66,107.141532
1.0,76,107.155773
1.0,76,107.170002
1.0,116,107.1918
1.0,64,107.203826
1.0,128,107.227946
1.0,266,107.278193
1.0,236,107.322791
0.0,1000,107.511028
1.0,54,107.521333
1.0,58,107.532296
1.0,64,107.544378
1.0,58,107.555315
1.0,245,107.601484
1.0,62,107.613185
1.0,62,107.624849
1.0,72,107.638363
1.0,663,107.763198
1.0,66,107.775694
1.0,58,107.786619
1.0,90,107.803582
1.0,108,107.823877
1.0,60,107.835149
1.0,68,107.847968
1.0,308,107.90603
0.0,1000,108.09357
1.0,88,108.110207
1.0,102,108.129453
1.0,54,108.139653
1.0,62,108.151305
1.0,64,108.163354
1.0,52,108.173144
1.0,72,108.186698
1.0,74,108.200596
1.0,132,108.225526
1.0,56,108.236088
1.0,84,108.251993
0.0,1000,108.440274
1.0,56,108.450942
1.0,60,108.462262
1.0,64,108.474291
1.0,54,108.484587
1.0,222,108.526327
1.0,70,108.539457
1.0,66,108.551918
1.0,56,108.562422
1.0,54,108.572544
1.0,54,108.582642
1.0,146,108.610133
1.0,108,108.63039
1.0,58,108.641296
1.0,177,108.674664
1.0,80,108.689828
1.0,62,108.701517
1.0,701,108.833289
1.0,58,108.844264
1.0,500,108.938338
1.0,66,108.950861
1.0,60,108.962164
1.0,60,108.973474
1.0,54,108.983603
1.0,168,109.015299
1.0,56,109.02578
1.0,56,109.036299
1.0,56,109.046799
1.0,76,109.061097
1.0,74,109.074956
1.0,60,109.086205
1.0,307,109.144063
1.0,58,109.154968
1.0,56,109.165513
1.0,64,109.177498
1.0,361,109.245289
1.0,58,109.256198
1.0,58,109.267067
1.0,100,109.28588
1.0,64,109.298024
1.0,54,109.308157
1.0,68,109.320882
1.0,200,109.358336
1.0,60,109.369572
1.0,60,109.380823
1.0,62,109.392491
1.0,80,109.407455
1.0,68,109.42021
1.0,92,109.437444
1.0,172,109.469685
1.0,636,109.589227
1.0,66,109.601667
1.0,433,109.68321
1.0,62,109.694858
1.0,60,109.706267
1.0,142,109.733095
1.0,204,109.771384
1.0,343,109.836161
1.0,50,109.845623
1.0,142,109.872403
1.0,54,109.882605
1.0,64,109.894733
1.0,70,109.908083
1.0,70,109.921289
1.0,54,109.931475
1.0,386,110.004544
1.0,411,110.082139
1.0,66,110.094986
1.0,64,110.107094
1.0,64,110.119331
1.0,94,110.137125
1.0,458,110.223714
1.0,110,110.244687
1.0,994,110.432551
1.0,56,110.443313
1.0,50,110.452872
1.0,70,110.46612
1.0,52,110.475945
1.0,58,110.486946
1.0,409,110.564393
1.0,68,110.577281
1.0,70,110.590443
1.0,58,110.601432
1.0,62,110.613056
1.0,58,110.624005
1.0,986,110.809516
1.0,64,110.82162
1.0,62,110.833297
1.0,64,110.845382
1.0,108,110.865659
1.0,58,110.876575
1.0,134,110.901857
1.0,52,110.911637
1.0,58,110.922515
1.0,166,110.953882
1.0,56,110.964457
1.0,58,110.975359
1.0,64,110.987375
1.0,68,111.000137
1.0,54,111.01025
1.0,54,111.020479
1.0,128,111.044523
1.0,323,111.105546
1.0,60,111.116867
1.0,60,111.128213
1.0,58,111.139266
0.0,1000,111.327169
1.0,54,111.337582
1.0,66,111.350094
1.0,54,111.360245
1.0,394,111.43431
1.0,54,111.444534
1.0,50,111.453939
1.0,205,111.492712
1.0,144,111.519937
1.0,54,111.530154
1.0,64,111.542329
1.0,56,111.552891
1.0,247,111.599547
1.0,58,111.610463
1.0,56,111.620986
1.0,62,111.632727
1.0,54,111.642881
1.0,427,111.723382
1.0,60,111.734716
1.0,60,111.746177
1.0,58,111.757063
1.0,128,111.781106
1.0,56,111.791652
1.0,54,111.801835
1.0,354,111.8685
1.0,56,111.879049
1.0,76,111.893334
1.0,124,111.916755
1.0,54,111.926945
1.0,54,111.937128
1.0,58,111.948222
1.0,144,111.975399
1.0,54,111.985647
1.0,60,111.996986
1.0,58,112.007998
1.0,58,112.019021
1.0,54,112.029342
1.0,62,112.041108
1.0,54,112.051371
1.0,56,112.06201
1.0,56,112.072614
1.0,66,112.085127
1.0,224,112.127517
1.0,60,112.139067
1.0,158,112.169241
1.0,842,112.329687
1.0,60,112.341485
1.0,810,112.495049
1.0,60,112.50638
1.0,776,112.652133
1.0,150,112.680393
1.0,52,112.6902
1.0,52,112.699986
1.0,56,112.710494
1.0,90,112.727339
1.0,54,112.737478
1.0,60,112.748736
1.0,58,112.759601
1.0,56,112.770231
1.0,76,112.784462
1.0,52,112.794237
1.0,76,112.808571
1.0,58,112.819468
1.0,56,112.829949
1.0,82,112.845293
1.0,60,112.856533
1.0,54,112.866668
1.0,54,112.876788
1.0,64,112.888804
1.0,58,112.899679
1.0,264,112.949517
1.0,150,112.978035
1.0,60,112.98935
1.0,54,112.999505
1.0,68,113.012231
1.0,60,113.023494
1.0,60,113.034714
1.0,62,113.046349
1.0,54,113.056476
1.0,54,113.066628
1.0,56,113.077123
1.0,54,113.08724
1.0,56,113.097734
1.0,52,113.107509
1.0,60,113.118761
1.0,66,113.131153
1.0,809,113.286991
1.0,54,113.297445
1.0,60,113.308788
1.0,156,113.338171
1.0,52,113.347936
1.0,72,113.361422
1.0,58,113.372342
1.0,332,113.435222
1.0,128,113.459348
1.0,54,113.469488
1.0,54,113.479685
1.0,58,113.490582
1.0,66,113.50294
1.0,64,113.514916
1.0,52,113.524723
1.0,124,113.548099
1.0,58,113.558971
1.0,58,113.569843
1.0,60,113.581239
1.0,58,113.592116
1.0,58,113.602976
1.0,66,113.615335
1.0,60,113.626577
1.0,58,113.637435
1.0,58,113.648329
1.0,58,113.659193
1.0,74,113.673093
1.0,52,113.682811
1.0,557,113.787636
1.0,248,113.834479
1.0,52,113.844286
1.0,58,113.855174
1.0,104,113.874785
1.0,55,113.885136
1.0,168,113.916738
1.0,58,113.927662
1.0,60,113.938924
1.0,84,113.954652
1.0,54,113.964768
1.0,54,113.974905
1.0,58,113.985765
1.0,54,113.996027
1.0,56,114.006497
1.0,60,114.017736
1.0,82,114.033129
1.0,54,114.043318
1.0,84,114.059101
1.0,54,114.069224
1.0,64,114.081188
1.0,54,114.091344
1.0,58,114.102225
1.0,76,114.116455
1.0,62,114.128078
1.0,62,114.139686
1.0,201,114.177545
1.0,58,114.188457
1.0,60,114.199861
1.0,57,114.210559
1.0,164,114.241603
1.0,52,114.251412
1.0,60,114.262733
1.0,64,114.274715
1.0,54,114.284839
1.0,62,114.296443
1.0,58,114.307364
1.0,66,114.319743
1.0,58,114.330617
1.0,62,114.342236
1.0,56,114.352759
1.0,58,114.363622
1.0,56,114.374197
1.0,54,114.384351
1.0,260,114.433432
1.0,58,114.444339
1.0,56,114.454863
1.0,56,114.465391
1.0,62,114.477014
1.0,66,114.489422
1.0,58,114.500278
1.0,56,114.510801
1.0,66,114.523201
1.0,62,114.534835
1.0,492,114.627572
1.0,58,114.638488
1.0,54,114.648599
1.0,88,114.66509
1.0,56,114.6757
1.0,56,114.686344
1.0,54,114.696461
1.0,62,114.708086
1.0,60,114.719346
1.0,58,114.730232
1.0,50,114.739624
1.0,54,114.749701
1.0,56,114.760203
1.0,54,114.770396
1.0,58,114.781245
1.0,60,114.792518
1.0,56,114.80304
1.0,58,114.813993
1.0,56,114.824502
1.0,52,114.834249
1.0,68,114.847233
1.0,50,114.856637
1.0,54,114.866776
1.0,60,114.878013
1.0,54,114.888107
1.0,52,114.897842
1.0,308,114.955634
1.0,56,114.96612
1.0,54,114.97626
1.0,50,114.985666
1.0,56,114.996167
1.0,58,115.007068
1.0,50,115.016524
1.0,56,115.027007
1.0,56,115.037483
1.0,60,115.048691
1.0,60,115.059908
1.0,60,115.071124
1.0,56,115.081623
1.0,62,115.093224
1.0,52,115.102961
1.0,50,115.112343
1.0,56,115.122826
1.0,54,115.132932
1.0,62,115.144566
1.0,56,115.155066
1.0,249,115.201894
1.0,66,115.214446
1.0,62,115.226119
1.0,62,115.237739
1.0,52,115.247515
1.0,56,115.257998
1.0,56,115.268501
1.0,60,115.279752
1.0,58,115.290647
1.0,58,115.301508
1.0,72,115.315022
1.0,54,115.325242
1.0,54,115.335377
1.0,62,115.347013
1.0,52,115.356764
1.0,56,115.367301
1.0,58,115.378217
1.0,54,115.388413
1.0,50,115.397758
1.0,60,115.408992
1.0,170,115.441202
1.0,60,115.452471
1.0,54,115.46265
1.0,58,115.473505
1.0,52,115.48327
1.0,54,115.493404
1.0,62,115.505011
1.0,58,115.515905
1.0,56,115.526415
1.0,58,115.537294
1.0,56,115.547793
1.0,56,115.558306
1.0,52,115.568078
1.0,64,115.580086
1.0,56,115.590611
1.0,60,115.601874
1.0,56,115.612446
1.0,52,115.62236
1.0,54,115.632501
1.0,66,115.644872
1.0,58,115.655732
1.0,58,115.666622
1.0,52,115.67638
1.0,56,115.686894
1.0,52,115.696637
1.0,54,115.706735
1.0,64,115.718715
1.0,56,115.729219
1.0,52,115.738993
1.0,58,115.749847
1.0,66,115.762161
1.0,54,115.772316
1.0,54,115.782454
1.0,58,115.793315
1.0,52,115.803086
1.0,54,115.813225
1.0,54,115.823471
1.0,52,115.83327
1.0,56,115.843796
1.0,54,115.853916
1.0,58,115.864789
1.0,52,115.874552
1.0,58,115.885403
1.0,62,115.897037
1.0,56,115.907535
1.0,52,115.917288
1.0,54,115.927432
1.0,64,115.939452
1.0,70,115.952573
1.0,303,116.00971
1.0,60,116.020985
1.0,54,116.031246
1.0,56,116.041741
1.0,54,116.051843
1.0,56,116.062321
1.0,52,116.072089
1.0,56,116.082554
1.0,52,116.092293
1.0,64,116.10426
1.0,62,116.115885
1.0,58,116.126721
1.0,60,116.137954
1.0,56,116.14843
1.0,68,116.161156
1.0,52,116.170912
1.0,54,116.181025
1.0,196,116.217828
1.0,60,116.229083
1.0,50,116.238596
1.0,376,116.309283
1.0,66,116.321741
1.0,54,116.331926
1.0,54,116.342091
1.0,56,116.352631
1.0,56,116.363175
1.0,60,116.374438
1.0,52,116.38421
1.0,56,116.39473
1.0,54,116.40485
1.0,54,116.414997
1.0,484,116.506244
1.0,56,116.516825
1.0,60,116.528126
1.0,56,116.538645
1.0,52,116.548403
1.0,68,116.561183
1.0,52,116.570933
1.0,56,116.581447
1.0,64,116.593409
1.0,54,116.603536
1.0,62,116.615191
1.0,56,116.625674
1.0,54,116.635805
1.0,64,116.647895
1.0,54,116.658022
1.0,60,116.669256
1.0,52,116.679011
1.0,52,116.688772
1.0,54,116.698913
1.0,54,116.709039
1.0,54,116.71915
1.0,52,116.728975
1.0,60,116.740165
1.0,56,116.750657
1.0,62,116.762248
1.0,50,116.771662
1.0,58,116.782529
1.0,52,116.792294
1.0,58,116.803138
1.0,54,116.813236
1.0,52,116.822971
1.0,56,116.83349
1.0,72,116.847085
1.0,74,116.860904
1.0,54,116.871038
1.0,62,116.882662
1.0,56,116.89314
1.0,56,116.903637
1.0,58,116.914521
1.0,56,116.92498
1.0,56,116.935489
1.0,62,116.947119
1.0,56,116.957596
1.0,56,116.968079
1.0,60,116.979307
1.0,54,116.989396
1.0,52,116.999147
1.0,58,117.009993
1.0,56,117.020464
1.0,54,117.030592
1.0,70,117.043764
1.0,56,117.054402
1.0,62,117.066065
1.0,60,117.077311
1.0,64,117.089309
1.0,207,117.128313
1.0,66,117.140709
1.0,54,117.150854
1.0,58,117.161713
1.0,62,117.173312
1.0,52,117.183073
1.0,54,117.193204
1.0,54,117.203342
1.0,65,117.215487
1.0,62,117.227106
1.0,54,117.237216
1.0,58,117.248059
1.0,50,117.257606
1.0,52,117.267339
1.0,58,117.278224
1.0,54,117.288366
1.0,54,117.298493
1.0,54,117.308608
1.0,56,117.319102
1.0,62,117.330718
1.0,58,117.34158
1.0,54,117.351742
1.0,56,117.362242
1.0,62,117.373877
1.0,50,117.383275
1.0,58,117.394162
1.0,58,117.405041
1.0,56,117.415582
1.0,60,117.426877
1.0,58,117.437719
1.0,54,117.447861
1.0,66,117.46031
1.0,60,117.471551
1.0,56,117.482064
0.0,1000,117.670179
1.0,52,117.68008
1.0,60,117.691414
1.0,60,117.702696
1.0,68,117.715399
1.0,56,117.72588
1.0,52,117.73567
1.0,56,117.746162
1.0,56,117.75666
1.0,104,117.77624
1.0,68,117.788956
1.0,60,117.800223
1.0,52,117.809988
1.0,60,117.821262
1.0,52,117.83102
1.0,52,117.840764
1.0,50,117.850127
1.0,64,117.8621
1.0,60,117.873443
1.0,54,117.883559
1.0,60,117.894824
1.0,60,117.906031
1.0,60,117.917274
1.0,64,117.929244
1.0,66,117.941638
1.0,56,117.952123
1.0,52,117.961874
1.0,52,117.971648
1.0,62,117.983259
1.0,58,117.994162
1.0,60,118.005453
1.0,52,118.015227
1.0,60,118.026504
1.0,54,118.036637
1.0,54,118.046785
1.0,54,118.056909
1.0,54,118.067133
1.0,68,118.079985
1.0,56,118.09049
1.0,50,118.099879
1.0,58,118.110756
1.0,60,118.122009
1.0,52,118.131773
1.0,56,118.142236
1.0,58,118.153104
1.0,50,118.162483
1.0,52,118.172204
1.0,58,118.183049
1.0,56,118.19355
1.0,52,118.203308
1.0,70,118.216405
1.0,58,118.227267
1.0,56,118.23773
1.0,54,118.24784
1.0,58,118.258657
1.0,60,118.269857
1.0,52,118.279746
1.0,60,118.290982
1.0,54,118.301119
1.0,58,118.31195
1.0,62,118.323558
1.0,50,118.33294
1.0,62,118.344545
1.0,184,118.379159
1.0,54,118.389292
1.0,52,118.399031
1.0,52,118.408771
1.0,56,118.419299
1.0,54,118.429444
1.0,54,118.439563
1.0,58,118.450392
1.0,58,118.461227
1.0,52,118.470997
1.0,60,118.482358
1.0,68,118.495105
1.0,54,118.505211
1.0,64,118.517191
1.0,50,118.526582
1.0,58,118.53749
1.0,64,118.549488
1.0,54,118.55963
1.0,56,118.570135
1.0,68,118.582872
1.0,62,118.594498
1.0,54,118.604753
1.0,54,118.614864
1.0,58,118.625714
1.0,52,118.635459
1.0,56,118.645954
1.0,56,118.656451
1.0,58,118.667273
1.0,58,118.678108
1.0,58,118.68912
1.0,54,118.699253
1.0,62,118.710888
1.0,56,118.721379
1.0,58,118.732231
1.0,52,118.741965
1.0,60,118.753202
1.0,56,118.763708
1.0,54,118.773841
1.0,62,118.785442
1.0,56,118.795975
1.0,58,118.806878
1.0,62,118.818481
1.0,66,118.830843
1.0,52,118.840609
1.0,56,118.851122
1.0,60,118.862375
1.0,56,118.872962
1.0,54,118.883199
1.0,62,118.894941
1.0,54,118.905091
1.0,54,118.915241
1.0,56,118.925749
1.0,62,118.9374
1.0,52,118.947151
1.0,62,118.958779
1.0,52,118.968556
1.0,64,118.980537
1.0,54,118.990677
1.0,56,119.001171
1.0,60,119.012409
1.0,62,119.02403
1.0,122,119.047003
1.0,56,119.057503
1.0,54,119.067639
1.0,58,119.078529
1.0,54,119.088785
1.0,60,119.100015
1.0,58,119.110847
1.0,62,119.122468
1.0,52,119.132211
1.0,52,119.141955
1.0,60,119.153157
1.0,56,119.163639
1.0,58,119.174488
1.0,58,119.185338
1.0,54,119.19545
1.0,56,119.205923
1.0,58,119.216778
1.0,94,119.23439
1.0,56,119.244895
1.0,62,119.256485
1.0,64,119.268445
1.0,52,119.27819
1.0,54,119.288273
1.0,62,119.299973
1.0,56,119.310417
1.0,56,119.320888
1.0,56,119.331346
1.0,60,119.342553
1.0,54,119.352646
1.0,72,119.366128
1.0,54,119.376272
1.0,62,119.38785
1.0,60,119.399055
1.0,58,119.409899
1.0,62,119.421485
1.0,64,119.433449
1.0,58,119.444316
1.0,66,119.456661
1.0,62,119.468283
1.0,64,119.480241
1.0,56,119.490727
1.0,52,119.500592
1.0,58,119.511453
1.0,58,119.522321
1.0,56,119.5328
1.0,54,119.542884
1.0,54,119.552992
1.0,60,119.56422
1.0,56,119.574694
1.0,54,119.584784
1.0,52,119.594536
1.0,60,119.605751
1.0,54,119.615888
1.0,59,119.626938
1.0,56,119.637441
1.0,54,119.647549
1.0,60,119.658778
1.0,58,119.669617
1.0,50,119.67898
1.0,58,119.689839
1.0,56,119.700452
1.0,56,119.710959
1.0,58,119.721803
1.0,60,119.733043
1.0,58,119.743903
1.0,58,119.754715
1.0,56,119.765174
1.0,60,119.776371
1.0,54,119.786513
1.0,60,119.797725
1.0,50,119.807078
1.0,64,119.818985
1.0,116,119.840857
1.0,64,119.85289
1.0,50,119.862312
1.0,488,119.95433
1.0,56,119.964876
1.0,54,119.975019
1.0,62,119.986614
1.0,54,119.996736
1.0,60,120.008008
1.0,72,120.021459
1.0,58,120.032361
1.0,54,120.042524
1.0,50,120.051909
1.0,58,120.062781
1.0,62,120.074424
1.0,64,120.086435
1.0,56,120.096906
1.0,70,120.110173
1.0,56,120.120653
1.0,250,120.167716
1.0,76,120.181983
1.0,60,120.193208
1.0,54,120.20334
1.0,54,120.213456
1.0,58,120.22432
1.0,54,120.234441
1.0,60,120.245668
1.0,58,120.256538
1.0,52,120.266282
1.0,56,120.276775
1.0,56,120.28725
1.0,54,120.297375
1.0,62,120.308963
1.0,54,120.319221
1.0,50,120.32858
1.0,54,120.3387
1.0,56,120.3492
1.0,52,120.358985
1.0,54,120.3691
1.0,50,120.378506
1.0,52,120.388265
1.0,52,120.398029
1.0,54,120.408169
1.0,56,120.418713
1.0,341,120.4829
1.0,52,120.492636
1.0,73,120.50627
1.0,56,120.516865
1.0,64,120.528862
1.0,58,120.539728
1.0,58,120.550619
1.0,58,120.561478
1.0,60,120.57273
1.0,62,120.584342
1.0,60,120.595594
1.0,50,120.604971
1.0,58,120.615833
1.0,50,120.625211
1.0,56,120.635709
1.0,60,120.646958
1.0,68,120.659734
1.0,56,120.670204
1.0,62,120.681774
1.0,56,120.692267
1.0,60,120.703526
1.0,54,120.713647
1.0,66,120.726135
1.0,54,120.73627
1.0,50,120.745673
1.0,54,120.755816
1.0,62,120.767435
1.0,64,120.779404
1.0,60,120.790646
1.0,74,120.804506
1.0,54,120.814637
1.0,56,120.825149
1.0,66,120.837489
1.0,57,120.848185
1.0,58,120.859055
1.0,66,120.871429
1.0,54,120.881559
1.0,870,121.045178
1.0,58,121.056122
1.0,52,121.065909
1.0,54,121.076035
1.0,52,121.08581
1.0,60,121.097041
1.0,56,121.10756
1.0,393,121.181626
1.0,60,121.1929
1.0,56,121.203427
1.0,60,121.214684
1.0,50,121.224096
1.0,56,121.234572
1.0,58,121.24543
1.0,176,121.27854
1.0,52,121.288314
1.0,60,121.299582
1.0,54,121.309694
1.0,62,121.321288
1.0,64,121.333403
1.0,76,121.347617
1.0,56,121.358123
1.0,54,121.368249
1.0,60,121.379475
1.0,52,121.389232
1.0,52,121.398995
1.0,58,121.409891
1.0,58,121.420777
1.0,60,121.432008
1.0,52,121.441786
1.0,66,121.454131
1.0,56,121.464644
1.0,54,121.474794
1.0,64,121.486778
1.0,66,121.499143
1.0,64,121.511115
1.0,56,121.521595
1.0,56,121.5321
1.0,54,121.542346
1.0,68,121.555352
1.0,60,121.566572
1.0,62,121.578461
1.0,50,121.587837
1.0,58,121.598974
1.0,58,121.610529
1.0,68,121.623833
1.0,54,121.634236
1.0,50,121.644029
1.0,58,121.655288
1.0,58,121.666502
1.0,54,121.677011
1.0,58,121.688283
1.0,58,121.699515
1.0,56,121.710306
1.0,58,121.721509
1.0,54,121.731847
1.0,56,121.742516
1.0,58,121.753422
1.0,56,121.763939
1.0,122,121.786986
1.0,54,121.797148
1.0,54,121.807334
1.0,56,121.817825
1.0,60,121.829067
1.0,54,121.839231
1.0,80,121.854299
1.0,62,121.8659
1.0,56,121.876432
1.0,58,121.887319
1.0,56,121.897804
1.0,58,121.908684
1.0,342,121.97322
1.0,54,121.983421
1.0,60,121.994656
1.0,54,122.004809
1.0,424,122.084768
1.0,60,122.096156
1.0,62,122.107846
1.0,50,122.11724
1.0,64,122.129209
1.0,56,122.139752
1.0,58,122.150756
1.0,58,122.161645
1.0,54,122.171794
1.0,52,122.181573
1.0,58,122.192473
1.0,58,122.203351
1.0,58,122.2142
1.0,50,122.223615
1.0,62,122.235222
1.0,62,122.246859
1.0,52,122.256614
1.0,56,122.26711
1.0,52,122.276854
1.0,60,122.288096
1.0,58,122.298978
1.0,52,122.308733
1.0,56,122.319206
1.0,170,122.351327
1.0,58,122.362377
1.0,58,122.373318
1.0,54,122.383453
1.0,58,122.394351
1.0,56,122.404856
1.0,58,122.41581
1.0,60,122.427104
1.0,64,122.43912
1.0,52,122.448879
1.0,52,122.458647
1.0,56,122.46916
1.0,54,122.479327
1.0,68,122.492097
1.0,56,122.50262
1.0,60,122.513878
1.0,58,122.524798
1.0,68,122.537637
1.0,58,122.548554
1.0,58,122.559583
1.0,54,122.569695
1.0,68,122.582476
1.0,54,122.592675
1.0,52,122.602512
1.0,50,122.611991
1.0,60,122.623298
1.0,60,122.634664
1.0,56,122.64537
1.0,60,122.656684
1.0,52,122.666559
1.0,56,122.677124
1.0,60,122.688398
1.0,56,122.698993
1.0,58,122.709886
1.0,62,122.72165
1.0,56,122.732175
1.0,818,122.886549
1.0,62,122.898478
1.0,58,122.909561
1.0,56,122.920271
1.0,56,122.930999
1.0,52,122.940914
1.0,56,122.951637
1.0,54,122.961845
1.0,54,122.972125
1.0,52,122.98188
1.0,52,122.991652
1.0,56,123.002203
1.0,54,123.012355
1.0,60,123.023572
1.0,58,123.034452
1.0,204,123.072877
1.0,60,123.084228
1.0,52,123.094045
1.0,64,123.10611
1.0,54,123.116364
1.0,54,123.126585
1.0,56,123.137151
1.0,62,123.148892
1.0,58,123.159837
1.0,56,123.170402
1.0,56,123.181125
1.0,72,123.194808
1.0,56,123.205366
1.0,54,123.215555
1.0,54,123.225806
1.0,58,123.236805
1.0,54,123.247218
1.0,52,123.25717
1.0,54,123.267459
1.0,52,123.277408
1.0,50,123.286968
1.0,54,123.29727
1.0,52,123.307235
1.0,74,123.321283
1.0,643,123.442864
1.0,50,123.452435
1.0,62,123.464124
1.0,54,123.474285
1.0,54,123.484426
1.0,58,123.495306
1.0,56,123.505888
1.0,58,123.516801
1.0,64,123.528835
1.0,52,123.538711
1.0,58,123.549611
1.0,62,123.561228
1.0,58,123.572114
1.0,58,123.583173
1.0,56,123.593736
1.0,58,123.604631
1.0,56,123.615106
1.0,56,123.625644
1.0,56,123.636173
1.0,58,123.647052
1.0,56,123.657577
1.0,56,123.668086
1.0,60,123.679333
1.0,60,123.690593
1.0,56,123.701089
1.0,58,123.711973
1.0,54,123.722115
1.0,60,123.733338
1.0,56,123.743829
1.0,60,123.75511
1.0,54,123.765233
1.0,52,123.775006
1.0,56,123.785625
1.0,54,123.795762
1.0,56,123.806276
1.0,58,123.81718
1.0,62,123.828825
1.0,90,123.845878
1.0,54,123.856054
1.0,66,123.868421
1.0,56,123.878937
1.0,56,123.88945
1.0,58,123.900381
1.0,54,123.910517
1.0,52,123.920258
1.0,52,123.930036
1.0,54,123.940164
1.0,54,123.95033
1.0,52,123.960084
1.0,62,123.971741
1.0,54,123.981864
1.0,56,123.992484
1.0,56,124.003007
1.0,60,124.014222
1.0,60,124.025469
1.0,54,124.035618
1.0,60,124.046854
1.0,56,124.057343
1.0,62,124.069007
1.0,56,124.079562
1.0,52,124.089315
1.0,64,124.101282
1.0,54,124.111407
1.0,52,124.121195
1.0,54,124.131361
1.0,56,124.141973
1.0,56,124.152658
1.0,289,124.207594
1.0,56,124.218189
1.0,60,124.229474
1.0,60,124.240745
1.0,62,124.25251
1.0,62,124.26413
1.0,70,124.277263
1.0,80,124.292338
1.0,58,124.303238
1.0,56,124.31377
1.0,52,124.323626
1.0,60,124.33487
1.0,54,124.344982
1.0,62,124.356612
1.0,64,124.368604
1.0,54,124.378786
1.0,58,124.389679
1.0,66,124.402215
1.0,54,124.412414
1.0,66,124.42482
1.0,64,124.436805
1.0,60,124.448019
1.0,56,124.45852
1.0,60,124.46978
1.0,66,124.482176
1.0,52,124.491968
1.0,60,124.503234
1.0,58,124.514105
1.0,58,124.525058
1.0,64,124.537049
1.0,54,124.54722
1.0,52,124.557016
1.0,56,124.567565
1.0,52,124.577343
1.0,52,124.587115
1.0,58,124.597997
1.0,54,124.608283
1.0,60,124.61964
1.0,56,124.630185
1.0,60,124.641449
1.0,62,124.653113
1.0,58,124.664008
1.0,56,124.67455
1.0,56,124.685077
1.0,60,124.696394
1.0,56,124.706981
1.0,60,124.718253
1.0,54,124.728423
1.0,60,124.739708
1.0,54,124.749858
1.0,62,124.761482
1.0,52,124.771287
1.0,58,124.782189
1.0,64,124.79419
1.0,56,124.804851
1.0,64,124.816824
1.0,56,124.82736
1.0,60,124.838633
1.0,56,124.849157
1.0,60,124.8604
1.0,54,124.870559
1.0,62,124.882212
1.0,102,124.901415
1.0,56,124.911944
1.0,58,124.922789
1.0,54,124.932938
1.0,58,124.943836
1.0,70,124.957019
1.0,54,124.967258
1.0,52,124.977045
1.0,58,124.987992
1.0,62,124.999666
1.0,60,125.0111
1.0,58,125.021987
1.0,60,125.033255
1.0,60,125.044583
1.0,64,125.056619
1.0,68,125.069398
1.0,58,125.080305
1.0,56,125.090832
1.0,60,125.102165
1.0,60,125.113442
1.0,54,125.123618
1.0,58,125.134538
1.0,56,125.145037
1.0,56,125.155531
1.0,58,125.166436
1.0,60,125.177688
1.0,56,125.188188
1.0,50,125.197616
1.0,56,125.208121
1.0,58,125.219147
1.0,62,125.230778
1.0,64,125.242788
1.0,56,125.253312
1.0,60,125.264582
1.0,60,125.275878
1.0,52,125.285653
1.0,56,125.296166
1.0,54,125.306303
1.0,54,125.316482
1.0,56,125.327035
1.0,54,125.337202
1.0,62,125.348881
1.0,60,125.360166
1.0,62,125.371817
1.0,66,125.384183
1.0,56,125.394754
1.0,52,125.404534
1.0,56,125.415152
1.0,50,125.42465
1.0,60,125.435913
1.0,56,125.446424
1.0,54,125.456582
1.0,54,125.466742
1.0,52,125.476524
1.0,56,125.487018
1.0,54,125.49715
1.0,62,125.508768
1.0,54,125.518894
1.0,52,125.528664
1.0,58,125.539537
1.0,52,125.549314
1.0,58,125.560218
1.0,56,125.570745
1.0,68,125.583497
1.0,62,125.59517
1.0,646,125.717293
1.0,54,125.727564
1.0,52,125.737369
1.0,54,125.747532
1.0,62,125.75917
1.0,66,125.771577
1.0,54,125.781735
1.0,50,125.791158
1.0,60,125.802421
1.0,64,125.814395
1.0,54,125.824652
1.0,548,125.927896
1.0,54,125.938148
1.0,62,125.949817
1.0,54,125.959999
1.0,52,125.9698
1.0,52,125.979584
1.0,56,125.990064
1.0,54,126.000203
1.0,66,126.012582
1.0,54,126.022717
1.0,52,126.032587
1.0,56,126.043102
1.0,54,126.053253
1.0,60,126.064519
1.0,68,126.077259
1.0,56,126.087781
1.0,58,126.098686
1.0,52,126.108431
1.0,56,126.118937
1.0,54,126.129198
1.0,56,126.139738
1.0,54,126.149898
1.0,114,126.171368
1.0,56,126.181909
1.0,54,126.192036
1.0,58,126.202936
1.0,54,126.213134
1.0,52,126.222937
1.0,56,126.233615
1.0,62,126.245336
1.0,58,126.256297
1.0,58,126.267222
1.0,66,126.279898
1.0,54,126.290052
1.0,56,126.300633
1.0,52,126.31042
1.0,50,126.319863
1.0,50,126.329259
1.0,56,126.339814
1.0,72,126.353389
1.0,50,126.36281
1.0,58,126.373732
1.0,58,126.384618
1.0,64,126.396649
1.0,50,126.406062
1.0,60,126.417377
1.0,56,126.427912
1.0,58,126.438975
1.0,62,126.450616
1.0,58,126.461525
1.0,58,126.472437
1.0,54,126.482574
1.0,60,126.49387
1.0,526,126.593055
1.0,52,126.602948
1.0,52,126.612721
1.0,58,126.623609
1.0,54,126.633747
1.0,56,126.644386
1.0,56,126.654933
1.0,56,126.665424
1.0,54,126.675572
1.0,60,126.686818
1.0,58,126.697674
1.0,58,126.70853
1.0,54,126.718639
1.0,64,126.730604
1.0,50,126.739981
1.0,54,126.75015
1.0,52,126.759919
1.0,56,126.770418
1.0,64,126.782433
1.0,52,126.792212
1.0,54,126.802375
1.0,62,126.81399
1.0,54,126.824148
1.0,60,126.835408
1.0,64,126.847535
1.0,60,126.858801
1.0,56,126.869309
1.0,60,126.880584
1.0,60,126.891845
1.0,54,126.901953
1.0,56,126.912461
1.0,52,126.922229
1.0,56,126.932739
1.0,56,126.943253
1.0,140,126.969587
1.0,52,126.979385
1.0,64,126.991404
1.0,56,127.001951
1.0,58,127.012851
1.0,54,127.022986
1.0,62,127.034662
1.0,60,127.045924
1.0,56,127.056589
1.0,60,127.067942
1.0,54,127.078071
1.0,663,127.202578
1.0,54,127.212818
1.0,52,127.222609
1.0,62,127.234224
1.0,62,127.245832
1.0,56,127.256496
1.0,58,127.267429
1.0,56,127.277906
1.0,58,127.288779
1.0,54,127.298885
1.0,56,127.309361
1.0,62,127.320964
1.0,64,127.33295
1.0,60,127.344189
1.0,56,127.354673
1.0,54,127.364805
1.0,56,127.375295
1.0,56,127.385767
1.0,54,127.39588
1.0,54,127.405981
1.0,54,127.416266
1.0,54,127.426393
1.0,60,127.437656
1.0,56,127.44814
1.0,58,127.459099
1.0,56,127.469558
1.0,50,127.47891
1.0,52,127.488658
1.0,54,127.498806
1.0,66,127.511161
1.0,60,127.522372
1.0,66,127.534698
1.0,64,127.546647
1.0,56,127.557096
1.0,54,127.567177
1.0,60,127.578382
1.0,58,127.589231
1.0,54,127.599331
1.0,56,127.609803
1.0,60,127.621028
1.0,54,127.631152
1.0,58,127.641962
1.0,56,127.652456
1.0,54,127.662688
1.0,58,127.673543
1.0,50,127.682969
1.0,58,127.693817
1.0,56,127.704361
1.0,58,127.715198
1.0,52,127.724934
1.0,58,127.735845
1.0,56,127.746311
1.0,54,127.756435
1.0,52,127.766154
1.0,54,127.776283
1.0,50,127.785637
1.0,56,127.7961
1.0,62,127.80767
1.0,52,127.817388
1.0,62,127.829016
1.0,56,127.839521
1.0,54,127.849623
1.0,52,127.85936
1.0,56,127.869982
1.0,66,127.882317
1.0,54,127.892429
1.0,58,127.903274
1.0,60,127.914514
1.0,58,127.925378
1.0,56,127.9359
1.0,54,127.946045
1.0,62,127.957615
1.0,60,127.968869
1.0,288,128.023211
1.0,54,128.033343
1.0,62,128.044952
1.0,62,128.056533
1.0,54,128.066714
1.0,54,128.076979
1.0,60,128.088195
1.0,54,128.098308
1.0,52,128.108054
1.0,52,128.117806
1.0,66,128.130229
1.0,64,128.142209
1.0,56,128.15272
1.0,58,128.163548
1.0,58,128.174407
1.0,60,128.185663
1.0,50,128.195036
1.0,56,128.205537
1.0,54,128.215666
1.0,64,128.22765
1.0,58,128.238576
1.0,56,128.249029
1.0,58,128.259954
1.0,58,128.270861
1.0,50,128.280324
1.0,54,128.290453
1.0,90,128.30738
1.0,56,128.317858
1.0,60,128.329121
1.0,56,128.339628
1.0,52,128.349469
1.0,56,128.359938
1.0,58,128.370818
1.0,54,128.380966
1.0,60,128.392215
1.0,58,128.403101
1.0,54,128.413272
1.0,58,128.424216
1.0,58,128.435147
1.0,58,128.446048
1.0,54,128.456205
1.0,54,128.466353
1.0,58,128.477397
1.0,56,128.487971
1.0,171,128.520233
1.0,54,128.530394
1.0,58,128.541335
1.0,52,128.551133
1.0,54,128.561271
1.0,54,128.57142
1.0,56,128.581943
1.0,58,128.592858
1.0,66,128.605232
1.0,50,128.614668
1.0,58,128.625594
1.0,52,128.635395
1.0,58,128.64632
1.0,52,128.65613
1.0,52,128.665962
1.0,60,128.677244
1.0,54,128.687578
1.0,52,128.697437
1.0,56,128.708057
1.0,56,128.71864
1.0,52,128.728445
1.0,62,128.740137
1.0,52,128.749943
1.0,56,128.760537
1.0,58,128.771509
1.0,60,128.78285
1.0,60,128.794178
1.0,60,128.805517
1.0,54,128.815716
1.0,54,128.825892
1.0,52,128.835705
1.0,62,128.847426
1.0,66,128.859961
1.0,52,128.869792
1.0,58,128.880898
1.0,54,128.891313
1.0,52,128.901234
1.0,56,128.911877
1.0,54,128.92209
1.0,54,128.932361
1.0,58,128.943247
1.0,56,128.953772
1.0,52,128.963573
1.0,58,128.974468
1.0,60,128.985736
1.0,56,128.996287
1.0,58,129.007169
1.0,60,129.018424
1.0,56,129.029011
1.0,64,129.041023
1.0,56,129.051615
1.0,56,129.062158
1.0,169,129.094307
1.0,56,129.104844
1.0,58,129.115733
1.0,56,129.12623
1.0,62,129.13786
1.0,56,129.148375
1.0,58,129.15925
1.0,54,129.169364
1.0,64,129.181352
1.0,58,129.19226
1.0,54,129.202475
1.0,56,129.212989
1.0,68,129.225683
1.0,54,129.235829
1.0,54,129.245984
1.0,52,129.255785
1.0,56,129.266302
1.0,58,129.277209
1.0,56,129.287763
1.0,54,129.298033
1.0,58,129.308925
1.0,56,129.319436
1.0,50,129.328825
1.0,54,129.338998
1.0,60,129.350237
1.0,56,129.360777
1.0,50,129.370212
1.0,56,129.380779
1.0,52,129.390572
1.0,58,129.40147
1.0,54,129.411634
1.0,52,129.421417
1.0,56,129.431932
1.0,58,129.442823
1.0,56,129.453374
1.0,54,129.463545
1.0,52,129.473343
1.0,56,129.483874
1.0,58,129.494827
1.0,50,129.50431
1.0,62,129.515924
1.0,68,129.528662
1.0,64,129.540729
1.0,56,129.55127
1.0,62,129.562964
1.0,54,129.573169
1.0,50,129.582615
1.0,56,129.593156
1.0,572,129.700998
1.0,58,129.712108
1.0,54,129.722404
1.0,52,129.732294
1.0,62,129.744045
1.0,58,129.754997
1.0,60,129.766303
1.0,54,129.776471
1.0,60,129.787707
1.0,56,129.798212
1.0,52,129.808004
1.0,58,129.818904
1.0,56,129.829397
1.0,56,129.83991
1.0,58,129.850791
1.0,54,129.860918
1.0,58,129.871793
1.0,62,129.883373
1.0,56,129.894207
1.0,54,129.904953
1.0,52,129.914998
1.0,56,129.925771
1.0,56,129.936647
1.0,60,129.948294
1.0,56,129.959113
1.0,54,129.969573
1.0,60,129.981019
1.0,50,129.990448
1.0,58,130.00134
1.0,54,130.011471
1.0,74,130.025417
1.0,54,130.035565
1.0,56,130.046069
1.0,58,130.056959
1.0,70,130.07002
1.0,54,130.080146
1.0,54,130.090262
1.0,56,130.100739
1.0,60,130.112112
1.0,54,130.122255
1.0,58,130.133109
1.0,52,130.142866
1.0,60,130.154084
1.0,58,130.164927
1.0,56,130.175433
1.0,56,130.185913
1.0,56,130.196411
1.0,58,130.20725
1.0,64,130.219224
1.0,56,130.229699
1.0,66,130.24205
1.0,62,130.25367
1.0,56,130.264159
1.0,54,130.274249
1.0,54,130.284375
1.0,52,130.294119
1.0,50,130.303519
1.0,56,130.314193
1.0,56,130.324687
1.0,68,130.337454
1.0,56,130.347977
1.0,52,130.357744
1.0,54,130.367879
1.0,58,130.378773
1.0,58,130.389649
1.0,50,130.399043
1.0,58,130.409891
1.0,62,130.421505
1.0,56,130.43199
1.0,58,130.44286
1.0,58,130.453734
1.0,60,130.464936
1.0,58,130.475775
1.0,56,130.486217
1.0,64,130.498188
1.0,58,130.509018
1.0,58,130.519997
1.0,56,130.530487
1.0,52,130.540245
1.0,56,130.550751
1.0,56,130.561224
1.0,64,130.573238
1.0,60,130.58446
1.0,52,130.594187
1.0,52,130.603935
1.0,64,130.615902
1.0,56,130.62639
1.0,56,130.636887
1.0,56,130.647379
1.0,58,130.65825
1.0,56,130.668717
1.0,56,130.679181
1.0,56,130.689684
1.0,60,130.700914
1.0,58,130.711781
1.0,56,130.72241
1.0,54,130.732549
1.0,50,130.741923
1.0,54,130.752019
1.0,58,130.76294
1.0,54,130.77306
1.0,58,130.783907
1.0,56,130.794421
1.0,56,130.804956
1.0,64,130.816926
1.0,50,130.826302
1.0,62,130.837939
1.0,54,130.848063
1.0,52,130.857803
1.0,56,130.868298
1.0,56,130.878806
1.0,54,130.888958
1.0,52,130.898736
1.0,54,130.908826
1.0,58,130.919705
1.0,58,130.930754
1.0,56,130.941289
1.0,62,130.953164
1.0,54,130.963328
1.0,52,130.973107
1.0,52,130.98288
1.0,50,130.99225
1.0,56,131.002731
1.0,56,131.013243
1.0,54,131.025139
1.0,58,131.036038
1.0,56,131.046532
1.0,52,131.056293
1.0,58,131.067206
1.0,60,131.078501
1.0,56,131.089
1.0,52,131.09876
1.0,56,131.109259
1.0,54,131.119348
1.0,56,131.129994
1.0,60,131.141268
1.0,56,131.151784
1.0,467,131.239582
1.0,52,131.249423
1.0,62,131.261009
1.0,60,131.272279
1.0,52,131.282033
1.0,58,131.292907
1.0,58,131.303808
1.0,52,131.313571
1.0,50,131.32293
1.0,52,131.332825
1.0,58,131.343697
1.0,52,131.353464
1.0,54,131.363594
1.0,56,131.374121
1.0,58,131.384983
1.0,54,131.395123
1.0,58,131.405975
1.0,62,131.417666
1.0,56,131.428171
1.0,56,131.438684
1.0,104,131.458248
1.0,56,131.468751
1.0,60,131.479995
1.0,56,131.490501
1.0,54,131.500637
1.0,56,131.511153
1.0,56,131.521627
1.0,58,131.532458
1.0,60,131.543818
1.0,54,131.553929
1.0,58,131.564814
1.0,60,131.57604
1.0,58,131.586903
1.0,58,131.597755
1.0,58,131.608614
1.0,62,131.620207
1.0,54,131.630326
1.0,62,131.641932
1.0,64,131.653902
1.0,52,131.663656
1.0,62,131.675247
1.0,62,131.686872
1.0,52,131.696626
1.0,54,131.706776
1.0,58,131.717609
1.0,56,131.728106
1.0,52,131.737867
1.0,62,131.749663
1.0,60,131.7609
1.0,56,131.771398
1.0,58,131.782416
1.0,52,131.792185
1.0,54,131.802333
1.0,60,131.813599
1.0,58,131.824491
1.0,72,131.83796
1.0,54,131.848106
1.0,62,131.859739
1.0,56,131.870249
1.0,60,131.88155
1.0,56,131.892075
1.0,56,131.902551
1.0,56,131.913049
1.0,58,131.92392
1.0,60,131.935172
1.0,56,131.945821
1.0,52,131.955602
1.0,52,131.965356
1.0,166,131.996709
1.0,54,132.006845
1.0,62,132.018464
1.0,62,132.030099
1.0,56,132.040613
1.0,58,132.051558
1.0,56,132.062073
1.0,52,132.071831
1.0,54,132.081968
1.0,62,132.093567
1.0,56,132.104065
1.0,52,132.113817
1.0,52,132.123559
1.0,56,132.134066
1.0,56,132.144563
1.0,50,132.154057
1.0,56,132.164551
1.0,54,132.17467
1.0,52,132.184384
1.0,64,132.196339
1.0,60,132.207583
1.0,54,132.217692
1.0,60,132.22892
1.0,54,132.239012
1.0,56,132.249508
1.0,56,132.259999
1.0,52,132.269716
1.0,52,132.279461
1.0,52,132.289213
1.0,54,132.299329
1.0,54,132.309453
1.0,62,132.32104
1.0,54,132.331177
1.0,52,132.340934
1.0,58,132.351946
1.0,50,132.361352
1.0,62,132.372957
1.0,54,132.383098
1.0,58,132.393946
1.0,60,132.405131
1.0,52,132.414905
1.0,50,132.424283
1.0,54,132.434418
1.0,58,132.445254
1.0,60,132.456472
1.0,60,132.467702
1.0,60,132.478915
1.0,60,132.490071
1.0,58,132.50092
1.0,52,132.510658
1.0,54,132.520763
1.0,58,132.531627
1.0,56,132.542109
1.0,62,132.553729
1.0,104,132.573424
1.0,54,132.583584
1.0,54,132.593713
1.0,60,132.60494
1.0,56,132.61543
1.0,56,132.625936
1.0,54,132.636063
1.0,56,132.646576
1.0,56,132.657034
1.0,60,132.668253
1.0,58,132.679119
1.0,60,132.690345
1.0,52,132.700089
1.0,60,132.711323
1.0,50,132.720749
1.0,60,132.731963
1.0,52,132.741713
1.0,56,132.752223
1.0,52,132.76194
1.0,60,132.773291
1.0,56,132.783769
1.0,52,132.793482
1.0,56,132.80396
1.0,54,132.814111
1.0,56,132.824594
1.0,56,132.835089
1.0,66,132.847432
1.0,52,132.857177
1.0,54,132.86728
1.0,56,132.877778
1.0,60,132.889099
1.0,58,132.899942
1.0,54,132.91005
1.0,62,132.921656
1.0,54,132.93175
1.0,54,132.941921
1.0,58,132.952764
1.0,50,132.96215
1.0,60,132.973545
1.0,50,132.982951
1.0,50,132.992345
1.0,60,133.003656
1.0,56,133.014166
1.0,56,133.024667
1.0,68,133.037368
1.0,56,133.047886
1.0,64,133.059867
1.0,64,133.071841
1.0,56,133.082336
1.0,62,133.093924
1.0,54,133.10403
1.0,62,133.115666
1.0,52,133.125424
1.0,54,133.135555
1.0,52,133.14531
1.0,60,133.156533
1.0,54,133.166672
1.0,58,133.177665
1.0,54,133.187793
1.0,60,133.199019
1.0,60,133.210237
1.0,52,133.220015
1.0,56,133.230536
1.0,60,133.241753
1.0,54,133.251885
1.0,52,133.261643
1.0,64,133.273612
1.0,64,133.285621
1.0,56,133.296184
1.0,54,133.306301
1.0,52,133.316094
1.0,56,133.326632
1.0,60,133.337901
1.0,58,133.348801
1.0,52,133.358589
1.0,58,133.369508
1.0,56,133.380178
1.0,50,133.389606
1.0,60,133.400887
1.0,56,133.411436
1.0,194,133.448037
1.0,54,133.458274
1.0,66,133.470728
1.0,66,133.483142
1.0,58,133.494027
1.0,62,133.505691
1.0,60,133.516985
1.0,54,133.52717
1.0,54,133.537347
1.0,52,133.547146
1.0,54,133.557326
1.0,54,133.567509
1.0,56,133.57806
1.0,58,133.589078
1.0,60,133.600398
1.0,58,133.611315
1.0,62,133.622985
1.0,56,133.633565
1.0,52,133.643408
1.0,60,133.65484
1.0,54,133.665062
1.0,58,133.676
1.0,58,133.686933
1.0,62,133.698666
1.0,54,133.708871
1.0,62,133.720566
1.0,54,133.730768
1.0,52,133.740592
1.0,52,133.75042
1.0,54,133.760625
1.0,56,133.771227
1.0,58,133.782185
1.0,54,133.792516
1.0,54,133.802713
1.0,56,133.813273
1.0,646,133.935476
1.0,56,133.946197
1.0,336,134.009796
1.0,62,134.021564
1.0,58,134.032504
1.0,56,134.043047
1.0,62,134.054698
1.0,58,134.065682
1.0,52,134.07545
1.0,54,134.085595
1.0,52,134.095367
1.0,64,134.107355
1.0,58,134.118215
1.0,56,134.12874
1.0,60,134.13998
1.0,56,134.150486
1.0,54,134.160602
1.0,52,134.17035
1.0,54,134.180474
1.0,58,134.19134
1.0,54,134.201595
1.0,54,134.211723
1.0,54,134.221839
1.0,58,134.232719
1.0,58,134.243577
1.0,64,134.255584
1.0,58,134.26645
1.0,54,134.276567
1.0,54,134.286691
1.0,58,134.297574
1.0,56,134.308067
1.0,52,134.317812
1.0,56,134.32827
1.0,62,134.339951
1.0,56,134.350454
1.0,58,134.361308
1.0,54,134.371421
1.0,60,134.38269
1.0,52,134.392456
1.0,52,134.402381
1.0,66,134.414762
1.0,64,134.42676
1.0,60,134.438019
1.0,54,134.448188
1.0,58,134.45912
1.0,56,134.469617
1.0,56,134.480119
1.0,54,134.490229
1.0,58,134.501117
1.0,56,134.511685
1.0,68,134.524434
1.0,64,134.53645
1.0,56,134.54696
1.0,52,134.556703
1.0,64,134.568695
1.0,58,134.579589
1.0,52,134.589366
1.0,52,134.599163
1.0,56,134.609802
1.0,58,134.620716
1.0,62,134.632342
1.0,60,134.643617
1.0,50,134.652991
1.0,52,134.662757
1.0,58,134.673611
1.0,60,134.68486
1.0,52,134.694614
1.0,56,134.705124
1.0,52,134.714889
1.0,56,134.725371
1.0,54,134.735584
1.0,64,134.747562
1.0,98,134.766006
1.0,58,134.776899
1.0,50,134.786322
1.0,54,134.796472
1.0,60,134.807845
1.0,54,134.818013
1.0,60,134.829263
1.0,64,134.841311
1.0,52,134.851094
1.0,52,134.860851
1.0,54,134.87103
1.0,54,134.881164
1.0,56,134.891693
1.0,54,134.901858
1.0,58,134.912759
1.0,60,134.924046
1.0,52,134.933841
1.0,52,134.943629
1.0,54,134.953778
1.0,58,134.964679
1.0,58,134.975551
1.0,56,134.986079
1.0,58,134.99695
1.0,58,135.007859
1.0,56,135.018501
1.0,54,135.028664
1.0,56,135.039211
1.0,62,135.050845
1.0,54,135.061004
1.0,52,135.070763
1.0,56,135.081233
1.0,64,135.093233
1.0,52,135.103
1.0,50,135.112413
1.0,54,135.122593
1.0,56,135.133126
1.0,58,135.144003
1.0,58,135.154903
1.0,56,135.165415
1.0,54,135.175571
1.0,52,135.185416
1.0,64,135.197422
1.0,56,135.207966
1.0,58,135.218984
1.0,54,135.229165
1.0,58,135.240072
1.0,64,135.252126
1.0,56,135.262655
1.0,60,135.273895
1.0,50,135.283319
1.0,56,135.293839
1.0,56,135.304358
1.0,52,135.314142
1.0,62,135.325788
1.0,56,135.336322
1.0,64,135.34833
1.0,56,135.358847
1.0,64,135.370855
1.0,60,135.382113
1.0,54,135.392252
1.0,60,135.403481
1.0,62,135.415138
1.0,60,135.426511
1.0,50,135.435908
1.0,58,135.446769
1.0,62,135.458372
1.0,60,135.469628
1.0,62,135.48127
1.0,58,135.492152
1.0,54,135.50228
1.0,52,135.51205
1.0,52,135.521871
1.0,58,135.532882
1.0,58,135.543772
1.0,60,135.554996
1.0,58,135.565891
1.0,80,135.580893
1.0,58,135.591806
1.0,68,135.60455
1.0,58,135.615436
1.0,52,135.625368
1.0,54,135.635599
1.0,54,135.645766
1.0,54,135.655907
1.0,58,135.666774
1.0,52,135.676566
1.0,54,135.686722
1.0,62,135.698357
1.0,56,135.708859
1.0,62,135.720531
1.0,62,135.732126
1.0,52,135.741951
1.0,56,135.752458
1.0,54,135.762597
1.0,54,135.772748
1.0,58,135.783658
1.0,52,135.793419
1.0,52,135.803211
1.0,60,135.814453
1.0,54,135.824612
1.0,68,135.837553
1.0,58,135.848467
1.0,52,135.858258
1.0,56,135.868767
1.0,58,135.879649
1.0,54,135.889779
1.0,52,135.899533
1.0,58,135.910391
1.0,50,135.919801
1.0,56,135.930326
1.0,58,135.941239
1.0,52,135.951025
1.0,52,135.960779
1.0,56,135.971291
1.0,60,135.982538
1.0,52,135.992291
1.0,60,136.00356
1.0,56,136.014088
1.0,54,136.024231
1.0,54,136.034492
1.0,66,136.046844
1.0,64,136.058832
1.0,58,136.069719
1.0,66,136.082096
1.0,52,136.091872
1.0,60,136.103104
1.0,54,136.113249
1.0,52,136.123021
1.0,54,136.133156
1.0,62,136.146595
1.0,52,136.156379
1.0,56,136.166909
1.0,58,136.177792
1.0,60,136.189095
1.0,58,136.200001
1.0,58,136.210877
1.0,54,136.221006
1.0,54,136.231154
1.0,56,136.241821
1.0,58,136.252676
1.0,58,136.263567
1.0,308,136.321612
1.0,60,136.33292
1.0,54,136.343063
1.0,52,136.352843
1.0,58,136.363775
1.0,52,136.373536
1.0,54,136.383674
1.0,62,136.395273
1.0,64,136.407257
1.0,58,136.41815
1.0,60,136.429429
1.0,58,136.440431
1.0,52,136.450172
1.0,56,136.460685
1.0,58,136.471543
1.0,58,136.482406
1.0,56,136.492902
1.0,54,136.50302
1.0,58,136.513858
1.0,52,136.523625
1.0,58,136.534482
1.0,62,136.546065
1.0,50,136.555465
1.0,60,136.566687
1.0,56,136.577189
1.0,52,136.586939
1.0,62,136.598553
1.0,60,136.609775
1.0,54,136.619894
1.0,62,136.6315
1.0,50,136.640892
1.0,54,136.651139
1.0,58,136.662026
1.0,52,136.671773
1.0,60,136.683032
1.0,52,136.692846
1.0,62,136.704479
1.0,52,136.714222
1.0,56,136.724724
1.0,54,136.734878
1.0,58,136.745758
1.0,58,136.756632
1.0,52,136.766374
1.0,62,136.777974
1.0,60,136.78922
1.0,58,136.80009
1.0,54,136.81022
1.0,60,136.821464
1.0,56,136.831959
1.0,54,136.842111
1.0,62,136.853832
1.0,56,136.864419
1.0,62,136.876032
1.0,52,136.885798
1.0,58,136.89663
1.0,58,136.907516
1.0,58,136.918412
1.0,62,136.930047
1.0,60,136.94133
1.0,66,136.953691
1.0,62,136.965314
1.0,58,136.976175
1.0,58,136.987059
1.0,58,136.997963
1.0,56,137.008498
1.0,54,137.018629
1.0,50,137.027991
1.0,54,137.038118
1.0,62,137.049724
1.0,52,137.059613
1.0,62,137.071192
1.0,50,137.08056
1.0,52,137.090306
1.0,62,137.101951
1.0,56,137.112461
1.0,62,137.124045
1.0,58,137.134927
1.0,56,137.145391
1.0,62,137.157019
1.0,56,137.167542
1.0,54,137.177673
1.0,58,137.188538
1.0,54,137.198688
1.0,56,137.209194
1.0,54,137.219319
1.0,64,137.231278
1.0,54,137.241414
1.0,54,137.251567
1.0,60,137.262941
1.0,52,137.27269
1.0,64,137.284683
1.0,60,137.295931
1.0,58,137.306827
1.0,56,137.317318
1.0,54,137.327454
1.0,52,137.337224
1.0,60,137.348467
1.0,54,137.358588
1.0,56,137.369107
1.0,54,137.379261
1.0,58,137.39016
1.0,60,137.401426
1.0,62,137.413169
1.0,64,137.42519
1.0,60,137.436445
1.0,54,137.446578
1.0,58,137.457451
1.0,58,137.468491
1.0,57,137.479225
1.0,58,137.490139
1.0,62,137.501809
1.0,52,137.51158
1.0,58,137.522499
1.0,58,137.533402
1.0,64,137.545371
1.0,54,137.555519
1.0,64,137.567518
1.0,58,137.578445
1.0,50,137.587844
1.0,58,137.598741
1.0,52,137.608517
1.0,52,137.618299
1.0,52,137.628072
1.0,60,137.639373
1.0,62,137.651051
1.0,56,137.661558
1.0,62,137.673333
1.0,52,137.683121
1.0,58,137.694028
1.0,50,137.703503
1.0,50,137.712898
1.0,60,137.724181
1.0,54,137.734342
1.0,56,137.744894
1.0,54,137.755083
1.0,56,137.76564
1.0,56,137.77615
1.0,50,137.78557
1.0,58,137.796487
1.0,50,137.805904
1.0,56,137.81643
1.0,54,137.826575
1.0,68,137.839375
1.0,58,137.850253
1.0,56,137.86075
1.0,58,137.871777
1.0,52,137.88153
1.0,58,137.892417
1.0,56,137.902917
1.0,58,137.913764
1.0,54,137.923875
1.0,60,137.935183
1.0,62,137.94684
1.0,54,137.956988
1.0,58,137.967836
1.0,58,137.978702
1.0,56,137.989184
1.0,50,137.998599
1.0,58,138.009472
1.0,58,138.020346
1.0,54,138.030465
1.0,66,138.042798
1.0,54,138.052946
1.0,52,138.06273
1.0,54,138.072985
1.0,60,138.084249
1.0,52,138.094035
1.0,62,138.105663
1.0,50,138.115044
1.0,54,138.125174
1.0,58,138.136073
1.0,56,138.146574
1.0,60,138.157818
1.0,58,138.168692
1.0,54,138.178822
1.0,70,138.191925
1.0,54,138.202079
1.0,62,138.213688
1.0,60,138.224881
1.0,62,138.236433
1.0,52,138.24616
1.0,64,138.258084
1.0,50,138.267445
1.0,54,138.277679
1.0,58,138.288524
1.0,56,138.298986
1.0,60,138.310207
1.0,58,138.321057
1.0,54,138.331182
1.0,54,138.341278
1.0,52,138.351023
1.0,60,138.362212
1.0,50,138.371572
1.0,54,138.38169
1.0,60,138.392909
1.0,58,138.403746
1.0,62,138.415357
1.0,54,138.425489
1.0,58,138.436353
1.0,56,138.446833
1.0,52,138.456583
1.0,54,138.466705
1.0,58,138.477551
1.0,60,138.48891
1.0,56,138.499351
1.0,65,138.511541
1.0,56,138.522015
1.0,52,138.531733
1.0,60,138.542954
1.0,54,138.55309
1.0,58,138.563927
1.0,58,138.574778
1.0,56,138.585209
1.0,58,138.596049
1.0,58,138.606904
1.0,56,138.617378
1.0,58,138.628229
1.0,58,138.639097
1.0,58,138.649963
1.0,58,138.660826
1.0,58,138.671691
1.0,58,138.682539
1.0,56,138.693126
1.0,56,138.703584
1.0,54,138.713712
1.0,62,138.725288
1.0,54,138.735379
1.0,54,138.745474
1.0,62,138.757058
1.0,60,138.768269
1.0,60,138.779482
1.0,56,138.789963
1.0,54,138.800053
1.0,58,138.81088
1.0,54,138.820995
1.0,58,138.831841
1.0,58,138.842659
1.0,54,138.852771
1.0,54,138.862877
1.0,50,138.872232
1.0,50,138.881581
1.0,60,138.892933
1.0,56,138.903409
1.0,62,138.914954
1.0,60,138.926181
1.0,66,138.938456
1.0,56,138.948911
1.0,56,138.959368
1.0,54,138.96948
1.0,58,138.980313
1.0,58,138.991149
1.0,52,139.000864
1.0,54,139.010941
1.0,52,139.020659
1.0,56,139.031138
1.0,54,139.041253
1.0,54,139.051356
1.0,56,139.061796
1.0,62,139.073406
1.0,54,139.083502
1.0,56,139.094115
1.0,78,139.108664
1.0,62,139.120259
1.0,56,139.130723
1.0,58,139.141549
1.0,58,139.152374
1.0,56,139.162874
1.0,54,139.172939
1.0,50,139.182303
1.0,50,139.191642
1.0,54,139.201729
1.0,60,139.212934
1.0,56,139.223397
1.0,58,139.234235
1.0,56,139.244697
1.0,54,139.254778
1.0,60,139.265966
1.0,56,139.276434
1.0,355,139.3436
1.0,58,139.354515
1.0,58,139.365359
1.0,60,139.376585
1.0,52,139.386366
1.0,54,139.396467
1.0,56,139.406984
1.0,66,139.419341
1.0,60,139.430575
1.0,52,139.440378
1.0,56,139.450846
1.0,58,139.461699
1.0,56,139.472165
1.0,58,139.483017
1.0,60,139.494225
1.0,54,139.504454
1.0,60,139.515657
1.0,56,139.526121
1.0,52,139.535849
1.0,60,139.547061
1.0,58,139.557873
1.0,62,139.56943
1.0,52,139.579181
1.0,52,139.588916
1.0,56,139.599365
1.0,52,139.609098
1.0,60,139.620275
1.0,54,139.63039
1.0,52,139.640143
1.0,66,139.652467
1.0,58,139.663341
1.0,58,139.674189
1.0,60,139.685399
1.0,58,139.69626
1.0,54,139.706475
1.0,50,139.715899
1.0,52,139.725647
1.0,60,139.73687
1.0,52,139.746617
1.0,58,139.757474
1.0,62,139.769063
1.0,54,139.779163
1.0,54,139.789249
1.0,58,139.8001
1.0,64,139.812046
1.0,60,139.823278
1.0,54,139.833377
1.0,62,139.845003
1.0,64,139.856978
1.0,52,139.866716
1.0,58,139.877583
1.0,54,139.887669
1.0,56,139.898139
1.0,50,139.907639
1.0,60,139.91887
1.0,56,139.929308
1.0,60,139.940536
1.0,54,139.950671
1.0,50,139.960029
1.0,62,139.971619
1.0,56,139.982077
1.0,54,139.992165
1.0,63,140.003947
1.0,54,140.014049
1.0,54,140.024131
1.0,50,140.033492
1.0,56,140.043972
1.0,54,140.054088
1.0,56,140.064583
1.0,64,140.076568
1.0,52,140.086301
1.0,56,140.096793
1.0,58,140.107648
1.0,58,140.11864
1.0,56,140.129118
1.0,58,140.139958
1.0,56,140.150447
1.0,58,140.161306
1.0,52,140.171093
1.0,60,140.182328
1.0,52,140.192082
1.0,60,140.203293
1.0,56,140.21377
1.0,56,140.224234
1.0,56,140.234713
1.0,56,140.245164
1.0,114,140.266596
1.0,56,140.277079
1.0,52,140.286819
1.0,56,140.297326
1.0,56,140.307792
1.0,54,140.318023
1.0,62,140.329572
1.0,60,140.340803
1.0,58,140.351655
1.0,60,140.362884
1.0,56,140.373341
1.0,64,140.385307
1.0,58,140.396216
1.0,64,140.408187
1.0,56,140.418685
1.0,50,140.42805
1.0,58,140.438937
1.0,58,140.449882
1.0,58,140.460729
1.0,54,140.470832
1.0,52,140.480561
1.0,60,140.491802
1.0,56,140.502338
1.0,56,140.512807
1.0,58,140.523774
1.0,59,140.534826
1.0,54,140.544927
1.0,56,140.555457
1.0,58,140.566301
1.0,62,140.577873
1.0,68,140.590575
1.0,54,140.600673
1.0,54,140.610781
1.0,56,140.621264
1.0,62,140.632859
1.0,54,140.642955
1.0,54,140.653058
1.0,58,140.663913
1.0,56,140.674397
1.0,54,140.684537
1.0,56,140.695011
1.0,54,140.705137
1.0,50,140.71454
1.0,58,140.725557
1.0,60,140.736791
1.0,56,140.747292
1.0,52,140.757028
1.0,56,140.767516
1.0,58,140.778383
1.0,52,140.788134
1.0,54,140.798255
1.0,54,140.808439
1.0,54,140.818582
1.0,52,140.828344
1.0,52,140.838088
1.0,54,140.848252
1.0,58,140.859131
1.0,60,140.870375
1.0,62,140.881958
1.0,64,140.893949
1.0,62,140.905577
1.0,56,140.916062
1.0,54,140.926168
1.0,56,140.936767
1.0,54,140.946873
1.0,60,140.958095
1.0,52,140.967823
1.0,54,140.977944
1.0,58,140.988805
1.0,62,141.000391
1.0,52,141.010135
1.0,60,141.021353
1.0,58,141.032218
1.0,64,141.044214
1.0,54,141.054323
1.0,58,141.065248
1.0,64,141.077221
1.0,60,141.088437
1.0,64,141.100393
1.0,52,141.110142
1.0,62,141.121728
1.0,56,141.13235
1.0,54,141.142473
1.0,54,141.152594
1.0,60,141.16392
1.0,54,141.17402
1.0,58,141.18486
1.0,56,141.195337
1.0,58,141.206212
1.0,54,141.216346
1.0,54,141.226483
1.0,60,141.23769
1.0,58,141.248513
1.0,50,141.257878
1.0,60,141.269115
1.0,56,141.279589
1.0,64,141.291532
1.0,58,141.302407
1.0,58,141.313257
1.0,56,141.323726
1.0,54,141.333847
1.0,56,141.344487
1.0,52,141.354232
1.0,60,141.365452
1.0,58,141.376297
1.0,60,141.387554
1.0,58,141.398389
1.0,58,141.409249
1.0,52,141.419022
1.0,56,141.429509
1.0,52,141.439253
1.0,56,141.449715
1.0,52,141.459526
1.0,62,141.471138
1.0,52,141.48084
1.0,54,141.490935
1.0,60,141.50214
1.0,62,141.513776
1.0,58,141.524607
1.0,56,141.535086
1.0,54,141.545331
1.0,60,141.556545
1.0,62,141.568227
1.0,60,141.579453
1.0,54,141.589563
1.0,54,141.599668
1.0,70,141.612736
1.0,56,141.623269
1.0,59,141.634323
1.0,62,141.645907
1.0,60,141.657149
1.0,54,141.667248
1.0,60,141.678486
1.0,60,141.689721
1.0,50,141.699099
1.0,58,141.70996
1.0,62,141.721555
1.0,58,141.732408
1.0,70,141.745603
1.0,82,141.760957
1.0,56,141.771472
1.0,56,141.781958
1.0,58,141.79286
1.0,54,141.802961
1.0,52,141.812718
1.0,58,141.823546
1.0,54,141.833653
1.0,54,141.843755
1.0,54,141.853844
1.0,54,141.863955
1.0,60,141.875184
1.0,54,141.885262
1.0,56,141.895748
1.0,54,141.905851
1.0,58,141.916693
1.0,50,141.926054
1.0,62,141.937635
1.0,54,141.947864
1.0,56,141.958354
1.0,54,141.968486
1.0,60,141.979718
1.0,52,141.989469
1.0,52,141.999229
1.0,60,142.010741
1.0,60,142.021996
1.0,64,142.034322
1.0,58,142.045197
1.0,56,142.055683
1.0,50,142.065688
1.0,62,142.078102
1.0,60,142.089822
1.0,62,142.101847
1.0,64,142.114269
1.0,56,142.125162
1.0,58,142.136384
1.0,66,142.149067
1.0,54,142.159386
1.0,60,142.170634
1.0,54,142.180818
1.0,52,142.190584
1.0,62,142.202212
1.0,52,142.21198
1.0,60,142.223231
1.0,60,142.234527
1.0,54,142.244668
1.0,54,142.254802
1.0,54,142.264909
1.0,56,142.275408
1.0,58,142.286304
1.0,54,142.296478
1.0,50,142.305845
1.0,56,142.316335
1.0,62,142.327921
1.0,60,142.339134
1.0,54,142.349328
1.0,54,142.359564
1.0,54,142.369658
1.0,52,142.379421
1.0,56,142.389919
1.0,56,142.400402
1.0,70,142.413584
1.0,56,142.42409
1.0,62,142.435722
1.0,56,142.446234
1.0,56,142.456777
1.0,60,142.468075
1.0,62,142.479704
1.0,52,142.489481
1.0,58,142.500397
1.0,110,142.521194
1.0,50,142.530609
1.0,62,142.542218
1.0,64,142.554193
1.0,52,142.564102
1.0,66,142.576534
1.0,64,142.588537
1.0,56,142.599052
1.0,52,142.608817
1.0,64,142.620841
1.0,60,142.632138
1.0,56,142.642656
1.0,56,142.653167
1.0,52,142.662912
1.0,52,142.672668
1.0,60,142.683966
1.0,60,142.695255
1.0,62,142.706887
1.0,58,142.717742
1.0,56,142.728297
1.0,58,142.739293
1.0,62,142.75092
1.0,60,142.762124
1.0,66,142.774657
1.0,56,142.785153
1.0,62,142.796875
1.0,52,142.806675
1.0,54,142.81685
1.0,54,142.827002
1.0,54,142.837117
1.0,54,142.847251
1.0,56,142.857825
1.0,66,142.870203
1.0,52,142.87995
1.0,60,142.891196
1.0,54,142.901321
1.0,58,142.912213
1.0,58,142.923075
1.0,54,142.933193
1.0,58,142.944045
1.0,64,142.955998
1.0,62,142.967806
1.0,56,142.978292
1.0,64,142.990279
1.0,54,143.000396
1.0,58,143.011227
1.0,54,143.021375
1.0,58,143.032173
1.0,56,143.042744
1.0,52,143.052483
1.0,54,143.062603
1.0,52,143.072339
1.0,60,143.083658
1.0,66,143.09601
1.0,54,143.106155
1.0,128,143.130309
1.0,54,143.140594
1.0,82,143.15608
1.0,56,143.166626
1.0,52,143.176568
1.0,52,143.186394
1.0,54,143.196604
1.0,62,143.208201
1.0,52,143.217984
1.0,50,143.230853
1.0,56,143.241717
1.0,58,143.252821
1.0,56,143.263546
1.0,60,143.274932
1.0,66,143.287502
1.0,54,143.297754
1.0,58,143.308786
1.0,52,143.318612
1.0,54,143.328819
1.0,56,143.339403
1.0,52,143.349173
1.0,60,143.360479
1.0,50,143.369881
1.0,54,143.38018
1.0,62,143.39178
1.0,60,143.403044
1.0,50,143.412512
1.0,54,143.422617
1.0,62,143.434233
1.0,52,143.443996
1.0,52,143.453746
1.0,52,143.463497
1.0,54,143.473701
1.0,60,143.484953
1.0,56,143.495452
1.0,60,143.506722
1.0,58,143.517577
1.0,58,143.528508
1.0,54,143.538652
1.0,52,143.548466
1.0,66,143.56085
1.0,60,143.572106
1.0,56,143.582769
1.0,56,143.593347
1.0,52,143.603104
1.0,60,143.614325
1.0,56,143.624891
1.0,54,143.635022
1.0,52,143.64477
1.0,62,143.656368
1.0,68,143.669119
1.0,66,143.68151
1.0,54,143.691794
1.0,60,143.703031
1.0,62,143.71469
1.0,58,143.725557
1.0,60,143.736827
1.0,56,143.747373
1.0,50,143.756763
1.0,56,143.767247
1.0,62,143.778866
1.0,58,143.789869
1.0,68,143.802569
1.0,62,143.814178
1.0,64,143.826162
1.0,56,143.83668
1.0,60,143.847925
1.0,58,143.858809
1.0,58,143.869655
1.0,58,143.880531
1.0,54,143.890645
1.0,66,143.902956
1.0,54,143.913076
1.0,52,143.922809
1.0,56,143.93331
1.0,60,143.944532
1.0,54,143.954659
1.0,60,143.965881
1.0,54,143.975995
1.0,50,143.985332
1.0,56,143.995968
1.0,64,144.007994
1.0,50,144.017399
1.0,60,144.028629
1.0,52,144.038389
1.0,60,144.049633
1.0,60,144.06084
1.0,62,144.072444
1.0,58,144.083282
1.0,64,144.095207
1.0,60,144.106399
1.0,62,144.118004
1.0,54,144.128091
1.0,58,144.13891
1.0,54,144.149023
1.0,58,144.159878
1.0,54,144.169997
1.0,56,144.180472
1.0,60,144.191797
1.0,54,144.2019
1.0,58,144.212736
1.0,54,144.222833
1.0,58,144.233689
1.0,56,144.244163
1.0,66,144.256515
1.0,66,144.268896
1.0,54,144.278996
1.0,60,144.290199
1.0,60,144.301475
1.0,56,144.311991
1.0,58,144.322839
1.0,54,144.332914
1.0,56,144.343413
1.0,58,144.354252
1.0,64,144.366249
1.0,66,144.378567
1.0,66,144.390903
1.0,60,144.402224
1.0,56,144.412734
1.0,58,144.423596
1.0,60,144.434828
1.0,54,144.444937
1.0,58,144.455775
1.0,52,144.465492
1.0,52,144.4752
1.0,60,144.486416
1.0,60,144.497643
1.0,64,144.509598
1.0,58,144.520418
1.0,62,144.531981
1.0,58,144.54281
1.0,50,144.552167
1.0,52,144.561888
1.0,54,144.571985
1.0,64,144.584011
1.0,56,144.594477
1.0,52,144.604337
1.0,58,144.615132
1.0,56,144.625569
1.0,56,144.636042
1.0,54,144.646128
1.0,60,144.657317
1.0,56,144.667776
1.0,52,144.677486
1.0,60,144.688685
1.0,54,144.698776
1.0,56,144.709264
1.0,54,144.719388
1.0,58,144.730221
1.0,56,144.740679
1.0,62,144.752274
1.0,64,144.764216
1.0,56,144.774705
1.0,58,144.785544
1.0,56,144.796034
1.0,56,144.806636
1.0,58,144.817479
1.0,52,144.827205
1.0,58,144.838042
1.0,56,144.848527
1.0,58,144.859353
1.0,58,144.870183
1.0,58,144.881045
1.0,58,144.891889
1.0,56,144.902344
1.0,54,144.91245
1.0,52,144.922362
1.0,52,144.932101
1.0,62,144.943724
1.0,66,144.956155
1.0,66,144.968548
1.0,52,144.978284
1.0,56,144.988801
1.0,56,144.999278
1.0,50,145.008799
1.0,56,145.019284
1.0,54,145.029356
1.0,52,145.039086
1.0,60,145.050315
1.0,54,145.060456
1.0,52,145.07021
1.0,60,145.081455
1.0,66,145.093784
1.0,64,145.105765
1.0,60,145.116992
1.0,72,145.130417
1.0,56,145.14091
1.0,56,145.15138
1.0,68,145.164055
1.0,52,145.17378
1.0,68,145.186507
1.0,58,145.197348
1.0,58,145.208211
1.0,60,145.219528
1.0,58,145.230367
1.0,62,145.24195
1.0,58,145.252793
1.0,58,145.26364
1.0,58,145.274488
1.0,52,145.284187
1.0,64,145.296117
1.0,56,145.306602
1.0,58,145.317453
1.0,52,145.327178
1.0,68,145.339858
1.0,56,145.350326
1.0,54,145.360405
1.0,58,145.371259
1.0,54,145.381373
1.0,52,145.39112
1.0,58,145.401968
1.0,54,145.412102
1.0,58,145.423077
1.0,62,145.434634
1.0,56,145.445086
1.0,58,145.455903
1.0,58,145.46673
1.0,52,145.476453
1.0,54,145.486549
1.0,54,145.496604
1.0,56,145.507087
1.0,58,145.517903
1.0,50,145.527258
1.0,50,145.536602
1.0,56,145.547051
1.0,56,145.557491
1.0,58,145.568337
1.0,58,145.579148
1.0,52,145.588841
1.0,62,145.600706
1.0,58,145.611542
1.0,56,145.622146
1.0,58,145.632998
1.0,54,145.643095
1.0,62,145.654737
1.0,54,145.664874
1.0,60,145.676109
1.0,56,145.686587
1.0,58,145.697469
1.0,58,145.708464
1.0,62,145.720172
1.0,52,145.730004
1.0,56,145.740535
1.0,70,145.753619
1.0,64,145.765667
1.0,56,145.776135
1.0,56,145.786636
1.0,54,145.796745
1.0,50,145.806108
1.0,54,145.816221
1.0,52,145.826169
1.0,62,145.837777
1.0,64,145.849732
1.0,60,145.860915
1.0,54,145.871009
1.0,56,145.881526
1.0,64,145.893471
1.0,64,145.905351
1.0,58,145.916173
1.0,58,145.927016
1.0,58,145.937915
1.0,52,145.94766
1.0,62,145.959254
1.0,52,145.968976
1.0,56,145.979458
1.0,52,145.989232
1.0,54,145.999346
1.0,54,146.009449
1.0,60,146.020643
1.0,58,146.031606
1.0,60,146.042842
1.0,50,146.052253
1.0,52,146.062012
1.0,54,146.072149
1.0,62,146.083761
1.0,52,146.093499
1.0,54,146.103664
1.0,66,146.115977
1.0,58,146.126837
1.0,56,146.137301
1.0,58,146.148159
1.0,60,146.159337
1.0,52,146.169055
1.0,60,146.180316
1.0,58,146.191191
1.0,56,146.201652
1.0,56,146.212198
1.0,62,146.223782
1.0,52,146.233702
1.0,58,146.244599
1.0,62,146.256279
1.0,56,146.266878
1.0,62,146.278627
1.0,54,146.288775
1.0,56,146.299272
1.0,64,146.31127
1.0,56,146.321741
1.0,66,146.33417
1.0,58,146.345043
1.0,54,146.355153
1.0,58,146.365994
1.0,56,146.376493
1.0,52,146.386277
1.0,60,146.397487
1.0,52,146.407192
1.0,54,146.41731
1.0,60,146.428513
1.0,58,146.439528
1.0,60,146.450714
1.0,66,146.463018
1.0,60,146.474236
1.0,56,146.48477
1.0,60,146.496052
1.0,62,146.507643
1.0,58,146.518481
1.0,64,146.530439
1.0,62,146.542037
1.0,54,146.552103
1.0,60,146.563329
1.0,60,146.574524
1.0,60,146.585758
1.0,60,146.596987
1.0,64,146.609012
1.0,54,146.6191
1.0,62,146.630666
1.0,62,146.642395
1.0,62,146.654031
1.0,56,146.664566
1.0,64,146.676485
1.0,64,146.688472
1.0,62,146.700056
1.0,56,146.710522
1.0,54,146.720603
1.0,62,146.732173
1.0,58,146.743037
1.0,56,146.75353
1.0,58,146.764395
1.0,58,146.775237
1.0,54,146.785332
1.0,54,146.7956
1.0,52,146.805334
1.0,52,146.815061
1.0,54,146.825161
1.0,56,146.835629
1.0,64,146.847681
1.0,52,146.857412
1.0,62,146.868988
1.0,56,146.879433
1.0,62,146.890994
1.0,60,146.902204
1.0,64,146.914131
1.0,52,146.923821
1.0,56,146.934271
1.0,60,146.945468
1.0,60,146.956689
1.0,64,146.968623
1.0,54,146.978706
1.0,56,146.989151
1.0,52,146.99888
1.0,54,147.00897
1.0,50,147.018317
1.0,62,147.029927
1.0,50,147.039283
1.0,54,147.049519
1.0,56,147.059996
1.0,56,147.070441
1.0,56,147.080925
1.0,64,147.092849
1.0,58,147.103673
1.0,50,147.113027
1.0,56,147.123526
1.0,60,147.134744
1.0,70,147.147775
1.0,56,147.158208
1.0,60,147.169353
1.0,54,147.179454
1.0,56,147.189914
1.0,58,147.200711
1.0,56,147.211157
1.0,62,147.222697
1.0,52,147.23238
1.0,66,147.244667
1.0,62,147.256357
1.0,60,147.267537
1.0,54,147.277612
1.0,56,147.288062
1.0,52,147.297754
1.0,56,147.308277
1.0,52,147.31804
1.0,60,147.32922
1.0,60,147.340531
1.0,50,147.349864
1.0,54,147.35996
1.0,54,147.370056
1.0,58,147.380897
1.0,58,147.391708
1.0,54,147.401815
1.0,58,147.412674
1.0,52,147.422492
1.0,60,147.433686
1.0,56,147.444153
1.0,58,147.455063
1.0,60,147.466343
1.0,60,147.477553
1.0,58,147.488375
1.0,52,147.498097
1.0,56,147.508588
1.0,50,147.517909
1.0,54,147.528021
1.0,56,147.538519
1.0,60,147.549695
1.0,60,147.560894
1.0,54,147.57099
1.0,60,147.582218
1.0,60,147.593381
1.0,58,147.604206
1.0,54,147.614292
1.0,52,147.624003
1.0,54,147.634099
1.0,54,147.644186
1.0,62,147.655808
1.0,60,147.667203
1.0,52,147.676909
1.0,56,147.687416
1.0,56,147.697867
1.0,54,147.707965
1.0,58,147.718788
1.0,56,147.729254
1.0,58,147.74011
1.0,64,147.752085
1.0,60,147.763308
1.0,50,147.772686
1.0,60,147.783904
1.0,54,147.794023
1.0,54,147.804117
1.0,62,147.815652
1.0,52,147.825397
1.0,58,147.836218
1.0,64,147.84816
1.0,52,147.857899
1.0,60,147.869265
1.0,54,147.879365
1.0,54,147.889482
1.0,52,147.899215
1.0,58,147.910049
1.0,56,147.920496
1.0,54,147.930576
1.0,54,147.940661
1.0,60,147.951877
1.0,58,147.962684
1.0,56,147.973117
1.0,54,147.983195
1.0,54,147.993281
1.0,54,148.003375
1.0,56,148.013811
1.0,54,148.0239
1.0,54,148.033963
1.0,58,148.044819
1.0,54,148.054907
1.0,54,148.064985
1.0,58,148.075953
1.0,68,148.088623
1.0,60,148.099826
1.0,54,148.109874
1.0,54,148.120013
1.0,60,148.131258
1.0,58,148.142087
1.0,54,148.152198
1.0,58,148.163047
1.0,52,148.172859
1.0,58,148.183709
1.0,56,148.194176
1.0,50,148.203636
1.0,54,148.213738
1.0,62,148.225333
1.0,54,148.235437
1.0,56,148.24589
1.0,58,148.25675
1.0,56,148.26722
1.0,54,148.277466
1.0,56,148.28793
1.0,58,148.29877
1.0,54,148.308879
1.0,56,148.319348
1.0,60,148.330537
1.0,56,148.340984
1.0,56,148.351457
1.0,64,148.363399
1.0,56,148.373848
1.0,54,148.383948
1.0,58,148.394756
1.0,62,148.406312
1.0,54,148.416432
1.0,52,148.426148
1.0,58,148.43697
1.0,52,148.446696
1.0,64,148.458644
1.0,60,148.469846
1.0,68,148.482725
1.0,62,148.494366
1.0,64,148.506358
1.0,58,148.517199
1.0,62,148.528815
1.0,60,148.540017
1.0,56,148.550493
1.0,60,148.561696
1.0,54,148.571782
1.0,60,148.583
1.0,68,148.595679
1.0,60,148.606902
1.0,62,148.618461
1.0,54,148.628551
1.0,64,148.640519
1.0,56,148.650974
1.0,56,148.661451
1.0,58,148.67237
1.0,58,148.683355
1.0,56,148.693829
1.0,54,148.703909
1.0,58,148.714723
1.0,64,148.726694
1.0,61,148.738069
1.0,52,148.747834
1.0,56,148.758297
1.0,56,148.768793
1.0,58,148.779634
1.0,52,148.78937
1.0,56,148.79987
1.0,58,148.810737
1.0,60,148.821969
1.0,54,148.832083
1.0,60,148.843331
1.0,54,148.853439
1.0,54,148.863537
1.0,50,148.872888
1.0,56,148.883468
1.0,58,148.894338
1.0,64,148.906261
1.0,62,148.917869
1.0,58,148.9287
1.0,62,148.940309
1.0,62,148.951889
1.0,56,148.96231
1.0,64,148.974246
1.0,52,148.983968
1.0,58,148.994782
1.0,60,149.005968
1.0,58,149.01681
1.0,62,149.028351
1.0,56,149.038789
1.0,58,149.049631
1.0,58,149.060459
1.0,54,149.070561
1.0,58,149.081431
1.0,60,149.092746
1.0,60,149.103931
1.0,52,149.113657
1.0,54,149.12373
1.0,62,149.135283
1.0,54,149.14535
1.0,54,149.155427
1.0,56,149.165846
1.0,62,149.177401
1.0,52,149.187133
1.0,58,149.197987
1.0,54,149.20804
1.0,50,149.217372
1.0,60,149.228587
1.0,62,149.240131
1.0,56,149.250585
1.0,54,149.260683
1.0,54,149.270818
1.0,62,149.282415
1.0,56,149.293026
1.0,56,149.303447
1.0,54,149.313533
1.0,52,149.32325
1.0,52,149.332947
1.0,56,149.343438
1.0,62,149.35501
1.0,58,149.365841
1.0,56,149.376343
1.0,66,149.38868
1.0,58,149.399583
1.0,58,149.410462
1.0,54,149.420615
1.0,54,149.431034
1.0,56,149.441478
1.0,54,149.451589
1.0,62,149.463176
1.0,58,149.474028
1.0,58,149.484888
1.0,54,149.49504
1.0,64,149.507065
1.0,54,149.517147
1.0,52,149.526875
1.0,58,149.537677
1.0,56,149.548142
1.0,56,149.558578
1.0,64,149.570517
1.0,52,149.580219
1.0,66,149.592524
1.0,62,149.604081
1.0,58,149.614897
1.0,58,149.62573
1.0,54,149.63582
1.0,62,149.647392
1.0,70,149.660417
1.0,60,149.671629
1.0,54,149.681717
1.0,52,149.691438
1.0,54,149.701661
1.0,54,149.711728
1.0,50,149.721061
1.0,56,149.731515
1.0,62,149.74309
1.0,58,149.753902
1.0,52,149.76359
1.0,58,149.774381
1.0,64,149.786291
1.0,58,149.797127
1.0,52,149.806833
1.0,60,149.81803
1.0,54,149.828105
1.0,52,149.837814
1.0,56,149.848251
1.0,52,149.857932
1.0,52,149.867621
1.0,170,149.899636
1.0,54,149.90989
1.0,54,149.91998
1.0,52,149.929722
1.0,52,149.939461
1.0,62,149.951026
1.0,60,149.962259
1.0,58,149.973098
1.0,56,149.983556
1.0,56,149.994036
1.0,58,150.004889
1.0,58,150.015726
1.0,58,150.026577
1.0,54,150.036642
1.0,58,150.047464
1.0,54,150.057563
1.0,58,150.068385
1.0,66,150.080671
1.0,66,150.093024
1.0,54,150.103131
1.0,60,150.114548
1.0,50,150.123922
1.0,52,150.133633
1.0,60,150.144856
1.0,60,150.156084
1.0,58,150.166911
1.0,60,150.178132
1.0,60,150.18935
1.0,56,150.199821
1.0,60,150.211035
1.0,58,150.221947
1.0,54,150.232347
1.0,56,150.242837
1.0,56,150.253311
1.0,56,150.263759
1.0,56,150.274258
1.0,56,150.284754
1.0,60,150.295959
1.0,64,150.307904
1.0,54,150.318157
1.0,64,150.330108
1.0,62,150.341667
1.0,58,150.352505
1.0,56,150.363015
1.0,66,150.37531
1.0,54,150.385418
1.0,60,150.39664
1.0,56,150.407096
1.0,64,150.419024
1.0,58,150.429859
1.0,54,150.439964
1.0,52,150.449665
1.0,54,150.459759
1.0,56,150.470264
1.0,56,150.480739
1.0,56,150.49118
1.0,66,150.503507
1.0,56,150.513957
1.0,52,150.52389
1.0,58,150.534706
1.0,54,150.544907
1.0,58,150.55573
1.0,60,150.566924
1.0,62,150.578479
1.0,54,150.588579
1.0,56,150.59904
1.0,56,150.60948
1.0,64,150.621398
1.0,56,150.631838
1.0,56,150.642278
1.0,54,150.652377
1.0,54,150.662456
1.0,58,150.673269
1.0,58,150.684091
1.0,60,150.695356
1.0,52,150.705068
1.0,62,150.716667
1.0,58,150.727623
1.0,58,150.738492
1.0,52,150.748273
1.0,58,150.759129
1.0,58,150.769927
1.0,52,150.779638
1.0,58,150.790469
1.0,58,150.801273
1.0,56,150.811741
1.0,52,150.82146
1.0,60,150.832643
1.0,60,150.843846
1.0,54,150.853948
1.0,54,150.86403
1.0,54,150.874099
1.0,58,150.884929
1.0,64,150.896871
1.0,54,150.906977
1.0,66,150.919322
1.0,54,150.929522
1.0,56,150.939996
1.0,56,150.95045
1.0,66,150.962733
1.0,60,150.973982
1.0,56,150.984444
1.0,60,150.995651
1.0,58,151.006479
1.0,62,151.018003
1.0,58,151.028829
1.0,52,151.038537
1.0,52,151.048252
1.0,56,151.058762
1.0,54,151.0689
1.0,58,151.079736
1.0,56,151.090187
1.0,56,151.100644
1.0,50,151.109979
1.0,58,151.120807
1.0,62,151.132367
1.0,54,151.1426
1.0,56,151.153051
1.0,54,151.163165
1.0,60,151.174451
1.0,58,151.18533
1.0,50,151.194749
1.0,58,151.205592
1.0,54,151.215657
1.0,60,151.226832
1.0,58,151.237682
1.0,58,151.248512
1.0,62,151.260282
1.0,56,151.270885
1.0,60,151.282207
1.0,56,151.29285
1.0,60,151.304182
1.0,68,151.31702
1.0,54,151.327245
1.0,56,151.337663
1.0,54,151.347906
1.0,56,151.358338
1.0,56,151.368867
1.0,60,151.380039
1.0,56,151.390501
1.0,56,151.401018
1.0,56,151.411486
1.0,60,151.422704
1.0,66,151.435013
1.0,54,151.445116
1.0,56,151.455587
1.0,58,151.466411
1.0,58,151.477251
1.0,56,151.48772
1.0,52,151.49742
1.0,52,151.508268
1.0,60,151.519449
1.0,62,151.531066
1.0,64,151.543074
1.0,54,151.553279
1.0,58,151.564106
1.0,56,151.574605
1.0,52,151.584316
1.0,54,151.594436
1.0,56,151.604921
1.0,50,151.614312
1.0,58,151.625179
1.0,56,151.635708
1.0,54,151.645835
1.0,56,151.65632
1.0,58,151.667186
1.0,62,151.678766
1.0,62,151.690339
1.0,58,151.701184
1.0,56,151.711696
1.0,54,151.721806
1.0,56,151.732295
1.0,54,151.742426
1.0,58,151.753444
1.0,52,151.763242
1.0,54,151.773408
1.0,58,151.784339
1.0,62,151.796166
1.0,60,151.807621
1.0,56,151.818366
1.0,56,151.829091
1.0,50,151.838702
1.0,52,151.848677
1.0,56,151.859388
1.0,58,151.870323
1.0,56,151.88086
1.0,64,151.892864
1.0,60,151.904138
1.0,60,151.915394
1.0,58,151.926261
1.0,66,151.938655
1.0,60,151.949931
1.0,70,151.963284
1.0,56,151.973869
1.0,54,151.984043
1.0,52,151.993825
1.0,52,152.003625
1.0,52,152.01338
1.0,62,152.024991
1.0,58,152.035889
1.0,62,152.047528
1.0,50,152.056963
1.0,52,152.06674
1.0,54,152.076835
1.0,52,152.086586
1.0,62,152.098209
1.0,56,152.10869
1.0,50,152.118053
1.0,54,152.128148
1.0,52,152.137862
1.0,56,152.148354
1.0,60,152.159686
1.0,54,152.169807
1.0,52,152.179515
1.0,56,152.189998
1.0,56,152.200481
1.0,60,152.211705
1.0,56,152.222169
1.0,70,152.235233
1.0,62,152.246791
1.0,54,152.256923
1.0,56,152.267393
1.0,58,152.278243
1.0,56,152.288702
1.0,56,152.299137
1.0,62,152.310753
1.0,50,152.320104
1.0,60,152.331294
1.0,52,152.340998
1.0,54,152.351072
1.0,60,152.362446
1.0,58,152.373272
1.0,58,152.384096
1.0,58,152.39495
1.0,52,152.404712
1.0,56,152.415384
1.0,60,152.426589
1.0,60,152.437821
1.0,54,152.447965
1.0,54,152.458055
1.0,56,152.46852
1.0,56,152.478972
1.0,50,152.488349
1.0,56,152.498842
1.0,54,152.508944
1.0,62,152.52053
1.0,64,152.532488
1.0,58,152.54337
1.0,66,152.555719
1.0,54,152.565973
1.0,56,152.576513
1.0,52,152.586276
1.0,64,152.59825
1.0,62,152.609866
1.0,56,152.620338
1.0,56,152.630827
1.0,50,152.640214
1.0,60,152.651445
1.0,54,152.661559
1.0,50,152.670958
1.0,54,152.68109
1.0,52,152.690831
1.0,54,152.700922
1.0,56,152.711396
1.0,60,152.722664
1.0,52,152.732364
1.0,54,152.742477
1.0,58,152.753299
1.0,64,152.765248
1.0,52,152.77514
1.0,52,152.78489
1.0,52,152.794662
1.0,68,152.807354
1.0,54,152.817463
1.0,66,152.829823
1.0,62,152.841501
1.0,70,152.854603
1.0,56,152.865087
1.0,60,152.876304
1.0,54,152.886414
1.0,56,152.896907
1.0,60,152.908133
1.0,54,152.918239
1.0,58,152.929101
1.0,56,152.939579
1.0,54,152.949682
1.0,56,152.960154
1.0,64,152.972333
1.0,52,152.982038
1.0,54,152.992121
1.0,56,153.002598
1.0,52,153.012345
1.0,54,153.02247
1.0,56,153.032924
1.0,58,153.043749
1.0,58,153.054563
1.0,50,153.063898
1.0,54,153.074018
1.0,52,153.083739
1.0,54,153.093837
1.0,64,153.105802
1.0,60,153.116972
1.0,54,153.127078
1.0,56,153.137527
1.0,52,153.147249
1.0,52,153.156951
1.0,54,153.167033
1.0,66,153.179462
1.0,52,153.189195
1.0,52,153.198918
1.0,56,153.209388
1.0,64,153.221341
1.0,58,153.232196
1.0,62,153.243807
1.0,70,153.256882
1.0,56,153.26733
1.0,60,153.278537
1.0,58,153.289384
1.0,60,153.300586
1.0,62,153.312181
1.0,54,153.322256
1.0,56,153.332714
1.0,54,153.342828
1.0,54,153.3529
1.0,52,153.362607
1.0,52,153.372317
1.0,50,153.381813
1.0,60,153.392996
1.0,56,153.403458
1.0,52,153.413199
1.0,52,153.422925
1.0,58,153.433743
1.0,58,153.444603
1.0,54,153.454697
1.0,62,153.466276
1.0,52,153.475998
1.0,54,153.486116
1.0,54,153.496225
1.0,64,153.508191
1.0,52,153.517941
1.0,56,153.528461
1.0,58,153.539327
1.0,54,153.549428
1.0,60,153.560653
1.0,54,153.570799
1.0,62,153.582408
1.0,56,153.593043
1.0,52,153.602762
1.0,58,153.613613
1.0,50,153.623005
1.0,56,153.633443
1.0,58,153.644273
1.0,58,153.655116
1.0,58,153.665948
1.0,56,153.676436
1.0,54,153.686537
1.0,54,153.696614
1.0,60,153.707842
1.0,56,153.718324
1.0,54,153.728398
1.0,52,153.738094
1.0,58,153.748929
1.0,58,153.759759
1.0,62,153.771306
1.0,54,153.78141
1.0,60,153.792736
1.0,54,153.802833
1.0,52,153.812546
1.0,58,153.823359
1.0,50,153.832672
1.0,58,153.843486
1.0,58,153.854311
1.0,58,153.865111
1.0,58,153.87593
1.0,56,153.886365
1.0,54,153.896428
1.0,54,153.906535
1.0,62,153.918077
1.0,58,153.92891
1.0,60,153.940108
1.0,54,153.950191
1.0,56,153.96069
1.0,58,153.971541
1.0,62,153.983112
1.0,136,154.008807
1.0,52,154.01855
1.0,54,154.028656
1.0,62,154.040266
1.0,58,154.051151
1.0,56,154.061614
1.0,52,154.071379
1.0,62,154.082975
1.0,56,154.093476
1.0,62,154.105088
1.0,62,154.116702
1.0,66,154.129103
1.0,54,154.139242
1.0,54,154.149393
1.0,64,154.161651
1.0,56,154.172171
1.0,62,154.18382
1.0,60,154.19511
1.0,58,154.206076
1.0,62,154.217666
1.0,54,154.227789
1.0,54,154.2379
1.0,52,154.247659
1.0,64,154.259599
1.0,62,154.27113
1.0,58,154.281987
1.0,60,154.293314
1.0,52,154.303037
1.0,58,154.313879
1.0,58,154.32468
1.0,68,154.337357
1.0,56,154.347821
1.0,56,154.35828
1.0,50,154.367621
1.0,54,154.377747
1.0,62,154.389287
1.0,64,154.401348
1.0,54,154.411452
1.0,56,154.421959
1.0,54,154.432068
1.0,52,154.441811
1.0,64,154.453782
1.0,50,154.463158
1.0,54,154.473254
1.0,54,154.483369
1.0,52,154.493096
1.0,52,154.502842
1.0,56,154.513295
1.0,50,154.522651
1.0,56,154.533126
1.0,50,154.542486
1.0,68,154.555172
1.0,56,154.565642
1.0,58,154.576483
1.0,54,154.586578
1.0,62,154.59816
1.0,54,154.608382
1.0,60,154.619581
1.0,56,154.630065
1.0,62,154.641643
1.0,58,154.652461
1.0,56,154.662906
1.0,58,154.673724
1.0,58,154.684562
1.0,58,154.695414
1.0,58,154.706243
1.0,60,154.717427
1.0,58,154.728266
1.0,64,154.740204
1.0,58,154.751047
1.0,54,154.761123
1.0,58,154.771937
1.0,52,154.781656
1.0,66,154.79392
1.0,56,154.804366
1.0,54,154.814596
1.0,56,154.825043
1.0,62,154.836623
1.0,58,154.847474
1.0,60,154.858659
1.0,54,154.868734
1.0,54,154.87882
1.0,64,154.890755
1.0,58,154.90157
1.0,54,154.911671
1.0,68,154.924353
1.0,54,154.934452
1.0,56,154.944903
1.0,64,154.956844
1.0,60,154.968091
1.0,58,154.978935
1.0,54,154.98903
1.0,58,154.99985
1.0,56,155.010312
1.0,54,155.02054
1.0,58,155.031408
1.0,72,155.044913
1.0,54,155.054998
1.0,58,155.065819
1.0,66,155.078146
1.0,54,155.088236
1.0,52,155.097926
1.0,52,155.107628
1.0,56,155.118092
1.0,52,155.127829
1.0,60,155.139027
1.0,52,155.148742
1.0,54,155.158929
1.0,60,155.170131
1.0,56,155.180735
1.0,68,155.193456
1.0,56,155.203911
1.0,62,155.215572
1.0,54,155.225672
1.0,60,155.236842
1.0,56,155.247289
1.0,60,155.258476
1.0,54,155.268546
1.0,54,155.278618
1.0,56,155.28909
1.0,64,155.300992
1.0,62,155.312534
1.0,56,155.322992
1.0,52,155.33269
1.0,58,155.343595
1.0,52,155.353294
1.0,50,155.362661
1.0,70,155.375723
1.0,62,155.387295
1.0,62,155.398854
1.0,54,155.408927
1.0,58,155.41992
1.0,58,155.430735
1.0,54,155.440826
1.0,54,155.451365
1.0,54,155.461857
1.0,54,155.472357
1.0,54,155.482811
1.0,58,155.494264
1.0,54,155.50477
1.0,62,155.516814
1.0,60,155.52844
1.0,54,155.538856
1.0,58,155.550049
1.0,52,155.560189
1.0,52,155.570167
1.0,56,155.580981
1.0,64,155.593176
1.0,56,155.60398
1.0,60,155.615361
1.0,56,155.626059
1.0,54,155.636126
1.0,52,155.645842
1.0,58,155.656739
1.0,54,155.666837
1.0,60,155.678097
1.0,54,155.688201
1.0,66,155.700501
1.0,52,155.710202
1.0,56,155.72065
1.0,68,155.733294
1.0,52,155.742999
1.0,54,155.753062
1.0,52,155.76282
1.0,56,155.773303
1.0,56,155.783736
1.0,60,155.794936
1.0,60,155.806153
1.0,54,155.816253
1.0,56,155.826812
1.0,60,155.838095
1.0,60,155.849318
1.0,56,155.859765
1.0,54,155.869847
1.0,60,155.881178
1.0,66,155.893474
1.0,58,155.904279
1.0,52,155.913998
1.0,62,155.925576
1.0,54,155.93566
1.0,56,155.946121
1.0,56,155.956577
1.0,58,155.967535
1.0,58,155.978921
1.0,54,155.989368
1.0,60,156.000923
1.0,60,156.012534
1.0,60,156.02409
1.0,54,156.034439
1.0,52,156.044544
1.0,62,156.056303
1.0,52,156.066104
1.0,56,156.076679
1.0,58,156.087497
1.0,56,156.097926
1.0,58,156.108806
1.0,54,156.1189
1.0,56,156.129411
1.0,56,156.13988
1.0,54,156.149941
1.0,56,156.160376
1.0,82,156.17581
1.0,54,156.186015
1.0,64,156.197992
1.0,52,156.207735
1.0,50,156.217163
1.0,66,156.229492
1.0,52,156.239392
1.0,56,156.249866
1.0,62,156.261428
1.0,56,156.271886
1.0,58,156.282789
1.0,50,156.292146
1.0,60,156.303355
1.0,60,156.314563
1.0,60,156.32577
1.0,52,156.335501
1.0,52,156.345212
1.0,60,156.356415
1.0,58,156.36725
1.0,54,156.377325
1.0,58,156.388135
1.0,58,156.398997
1.0,50,156.408354
1.0,52,156.418118
1.0,62,156.429697
1.0,54,156.439919
1.0,58,156.450745
1.0,62,156.462297
1.0,66,156.474606
1.0,58,156.485425
1.0,56,156.495901
1.0,52,156.505618
1.0,68,156.518313
1.0,54,156.52841
1.0,58,156.539263
1.0,54,156.549394
1.0,54,156.559529
1.0,54,156.569654
1.0,56,156.580121
1.0,66,156.592499
1.0,60,156.603742
1.0,54,156.613855
1.0,52,156.624465
1.0,52,156.63422
1.0,54,156.644478
1.0,50,156.653846
1.0,58,156.664675
1.0,64,156.676656
1.0,54,156.686786
1.0,56,156.697288
1.0,52,156.707004
1.0,64,156.718972
1.0,66,156.731326
1.0,50,156.740696
1.0,58,156.751571
1.0,58,156.762417
1.0,58,156.77326
1.0,50,156.782691
1.0,56,156.793215
1.0,54,156.803327
1.0,58,156.814182
1.0,62,156.82582
1.0,62,156.837402
1.0,56,156.848042
1.0,64,156.86003
1.0,62,156.871697
1.0,64,156.883738
1.0,64,156.89573
1.0,62,156.907411
1.0,50,156.916827
1.0,58,156.927719
1.0,66,156.940122
1.0,58,156.951009
1.0,54,156.961183
1.0,60,156.972393
1.0,58,156.983286
1.0,54,156.993457
1.0,56,157.004003
1.0,56,157.014539
1.0,68,157.027286
1.0,62,157.038921
1.0,62,157.050552
1.0,60,157.061962
1.0,56,157.072476
1.0,58,157.083323
1.0,58,157.094177
1.0,50,157.103543
1.0,54,157.113737
1.0,56,157.124215
1.0,54,157.134376
1.0,58,157.145266
1.0,62,157.156953
1.0,60,157.168263
1.0,58,157.179244
1.0,56,157.189884
1.0,54,157.200035
1.0,58,157.21092
1.0,56,157.221422
1.0,64,157.233379
1.0,56,157.243875
1.0,58,157.254776
1.0,60,157.266088
1.0,52,157.275885
1.0,58,157.286726
1.0,58,157.297548
1.0,58,157.308475
1.0,58,157.319331
1.0,54,157.329395
1.0,56,157.339823
1.0,56,157.350277
1.0,60,157.361455
1.0,56,157.371922
1.0,60,157.383164
1.0,60,157.394353
1.0,60,157.405567
1.0,60,157.416934
1.0,62,157.428533
1.0,62,157.440132
1.0,58,157.451013
1.0,58,157.461959
1.0,56,157.472431
1.0,58,157.483254
1.0,54,157.493337
1.0,62,157.504965
1.0,60,157.516191
1.0,60,157.527402
1.0,56,157.537846
1.0,60,157.549052
1.0,60,157.560303
1.0,64,157.572242
1.0,56,157.582772
1.0,56,157.593234
1.0,58,157.604078
1.0,56,157.614615
1.0,54,157.62471
1.0,60,157.635877
1.0,60,157.647088
1.0,54,157.657176
1.0,54,157.667392
1.0,52,157.677088
1.0,54,157.687163
1.0,58,157.697986
1.0,62,157.709541
1.0,52,157.719255
1.0,54,157.729389
1.0,60,157.7406
1.0,54,157.750683
1.0,62,157.762252
1.0,58,157.773105
1.0,58,157.784013
1.0,52,157.793748
1.0,60,157.804934
1.0,54,157.815023
1.0,54,157.825115
1.0,50,157.834438
1.0,56,157.844895
1.0,60,157.856095
1.0,54,157.866174
1.0,56,157.876797
1.0,50,157.88615
1.0,52,157.895931
1.0,62,157.907514
1.0,60,157.918696
1.0,62,157.930285
1.0,56,157.940717
1.0,58,157.951606
1.0,62,157.963169
1.0,60,157.974372
1.0,56,157.984845
1.0,56,157.995279
1.0,58,158.006102
1.0,52,158.015808
1.0,56,158.026222
1.0,58,158.037128
1.0,56,158.047567
1.0,52,158.05727
1.0,52,158.067078
1.0,68,158.079915
1.0,58,158.090736
1.0,54,158.100798
1.0,50,158.110153
1.0,58,158.121018
1.0,58,158.131829
1.0,58,158.142607
1.0,62,158.154203
1.0,56,158.164687
1.0,58,158.175524
1.0,66,158.187853
1.0,60,158.19905
1.0,50,158.208411
1.0,50,158.21777
1.0,60,158.22894
1.0,56,158.239397
1.0,56,158.249856
1.0,52,158.25959
1.0,60,158.270793
1.0,61,158.282316
1.0,60,158.29351
1.0,60,158.304689
1.0,56,158.315168
1.0,58,158.325996
1.0,56,158.336461
1.0,54,158.346527
1.0,68,158.359196
1.0,58,158.370025
1.0,52,158.379772
1.0,58,158.390609
1.0,60,158.401817
1.0,61,158.41322
1.0,58,158.424067
1.0,54,158.434156
1.0,58,158.44501
1.0,56,158.455478
1.0,60,158.466678
1.0,54,158.476769
1.0,64,158.48881
1.0,50,158.498153
1.0,54,158.508263
1.0,52,158.517968
1.0,54,158.528091
1.0,62,158.53974
1.0,58,158.55058
1.0,50,158.559947
1.0,56,158.570417
1.0,56,158.58089
1.0,58,158.591766
1.0,58,158.602644
1.0,58,158.613472
1.0,54,158.623641
1.0,56,158.634111
1.0,60,158.645393
1.0,60,158.656635
1.0,50,158.665974
1.0,58,158.676814
1.0,62,158.688507
1.0,56,158.698982
1.0,56,158.709429
1.0,62,158.720999
1.0,50,158.730333
1.0,56,158.740844
1.0,60,158.752031
1.0,52,158.761737
1.0,60,158.772927
1.0,60,158.784102
1.0,52,158.793833
1.0,50,158.803162
1.0,66,158.815463
1.0,62,158.827034
1.0,54,158.837119
1.0,60,158.848312
1.0,60,158.859532
1.0,57,158.870197
1.0,56,158.880665
1.0,56,158.891174
1.0,58,158.902055
1.0,54,158.91213
1.0,58,158.922945
1.0,54,158.933012
1.0,56,158.943465
1.0,50,158.952793
1.0,50,158.962105
1.0,66,158.974415
1.0,56,158.984859
1.0,54,158.994922
1.0,56,159.005332
1.0,62,159.016914
1.0,60,159.02807
1.0,58,159.038893
1.0,52,159.048583
1.0,56,159.059024
1.0,62,159.070567
1.0,54,159.080645
1.0,52,159.090339
1.0,54,159.100521
1.0,68,159.113188
1.0,56,159.123646
1.0,62,159.135217
1.0,64,159.147113
1.0,58,159.157913
1.0,52,159.16762
1.0,56,159.178059
1.0,56,159.188592
1.0,52,159.198291
1.0,50,159.207639
1.0,52,159.21734
1.0,52,159.227043
1.0,56,159.23752
1.0,56,159.247987
1.0,54,159.258063
1.0,64,159.269991
1.0,62,159.281559
1.0,58,159.292385
1.0,56,159.302969
1.0,60,159.314168
1.0,60,159.32536
1.0,60,159.33652
1.0,58,159.347303
1.0,58,159.358137
1.0,56,159.368602
1.0,60,159.379808
1.0,56,159.390276
1.0,56,159.400738
1.0,58,159.411579
1.0,52,159.42128
1.0,58,159.432144
1.0,56,159.442574
1.0,60,159.453745
1.0,62,159.465333
1.0,54,159.475425
1.0,60,159.486601
1.0,56,159.497066
1.0,52,159.506938
1.0,58,159.517747
1.0,60,159.528927
1.0,56,159.539456
1.0,54,159.549567
1.0,54,159.559637
1.0,60,159.570837
1.0,56,159.581305
1.0,58,159.59216
1.0,56,159.602674
1.0,58,159.613472
1.0,62,159.625036
1.0,58,159.635874
1.0,66,159.648194
1.0,56,159.658642
1.0,60,159.669801
1.0,58,159.680592
1.0,60,159.691761
1.0,58,159.702582
1.0,60,159.713933
1.0,58,159.72476
1.0,52,159.734456
1.0,64,159.746386
1.0,64,159.758294
1.0,52,159.767992
1.0,52,159.77769
1.0,52,159.787391
1.0,50,159.796724
1.0,56,159.807158
1.0,54,159.817248
1.0,56,159.827719
1.0,56,159.838182
1.0,70,159.851215
1.0,66,159.863484
1.0,56,159.873962
1.0,50,159.883332
1.0,50,159.892682
1.0,54,159.902773
1.0,60,159.914212
1.0,52,159.923916
1.0,56,159.934369
1.0,58,159.945215
1.0,66,159.957517
1.0,62,159.969076
1.0,54,159.979179
1.0,56,159.989705
1.0,52,159.999419
1.0,56,160.00983
1.0,58,160.020654
1.0,54,160.030752
1.0,54,160.040846
1.0,58,160.051652
1.0,62,160.063183
1.0,54,160.073275
1.0,56,160.083704
1.0,52,160.09342
1.0,54,160.103513
1.0,54,160.11359
1.0,52,160.123406
1.0,54,160.13347
1.0,60,160.14467
1.0,54,160.154763
1.0,54,160.164851
1.0,58,160.175676
1.0,54,160.185745
1.0,64,160.197649
1.0,54,160.207715
1.0,60,160.218871
1.0,64,160.230828
1.0,58,160.241633
1.0,64,160.253568
1.0,62,160.26512
1.0,70,160.278131
1.0,54,160.288211
1.0,56,160.298638
1.0,56,160.309064
1.0,54,160.319191
1.0,62,160.330739
1.0,70,160.343773
1.0,52,160.353475
1.0,60,160.36465
1.0,60,160.375806
1.0,54,160.385909
1.0,54,160.395967
1.0,62,160.407521
1.0,52,160.417229
1.0,60,160.42836
1.0,58,160.43919
1.0,64,160.451105
1.0,66,160.463512
1.0,54,160.473603
1.0,60,160.484755
1.0,56,160.495198
1.0,58,160.506037
1.0,62,160.517567
1.0,56,160.528139
1.0,56,160.538599
1.0,62,160.550216
1.0,62,160.561753
1.0,60,160.572926
1.0,54,160.582998
1.0,62,160.594523
1.0,58,160.605336
1.0,60,160.616534
1.0,64,160.628439
1.0,58,160.639245
1.0,56,160.649682
1.0,52,160.659389
1.0,54,160.669447
1.0,56,160.679884
1.0,64,160.691873
1.0,56,160.702296
1.0,58,160.713185
1.0,52,160.722881
1.0,50,160.732335
1.0,54,160.742394
1.0,52,160.752155
1.0,58,160.762968
1.0,54,160.773035
1.0,58,160.783841
1.0,62,160.795372
1.0,54,160.805434
1.0,54,160.815495
1.0,60,160.826671
1.0,60,160.837861
1.0,58,160.848698
1.0,56,160.859149
1.0,72,160.872609
1.0,56,160.88306
1.0,56,160.893485
1.0,54,160.903535
1.0,58,160.914373
1.0,62,160.925898
1.0,62,160.937611
1.0,58,160.948424
1.0,58,160.959204
1.0,54,160.96928
1.0,56,160.979719
1.0,60,160.99091
1.0,56,161.0014
1.0,54,161.011476
1.0,60,161.022638
1.0,56,161.03308
1.0,62,161.044673
1.0,60,161.055877
1.0,56,161.066316
1.0,56,161.076764
1.0,50,161.08616
1.0,56,161.096622
1.0,60,161.107826
1.0,56,161.118278
1.0,56,161.128723
1.0,56,161.139259
1.0,60,161.150496
1.0,58,161.161281
1.0,56,161.171705
1.0,64,161.183622
1.0,54,161.193691
1.0,52,161.203372
1.0,52,161.213102
1.0,58,161.223911
1.0,50,161.233243
1.0,56,161.24367
1.0,56,161.254101
1.0,56,161.264513
1.0,58,161.275293
1.0,58,161.286077
1.0,60,161.297273
1.0,60,161.308448
1.0,54,161.318502
1.0,64,161.330414
1.0,56,161.340864
1.0,54,161.35107
1.0,56,161.361503
1.0,56,161.372016
1.0,60,161.383203
1.0,56,161.393665
1.0,54,161.403751
1.0,56,161.414221
1.0,62,161.425756
1.0,64,161.43767
1.0,52,161.44738
1.0,58,161.458169
1.0,58,161.469002
1.0,59,161.480084
1.0,54,161.490163
1.0,56,161.500607
1.0,64,161.512517
1.0,64,161.524423
1.0,64,161.536387
1.0,54,161.546422
1.0,56,161.556992
1.0,56,161.567408
1.0,58,161.578177
1.0,56,161.588595
1.0,54,161.598666
1.0,54,161.608724
1.0,52,161.618417
1.0,56,161.628861
1.0,54,161.638923
1.0,56,161.649352
1.0,56,161.659842
1.0,56,161.670239
1.0,56,161.680671
1.0,56,161.691114
1.0,58,161.701901
1.0,54,161.711989
1.0,54,161.72204
1.0,52,161.731759
1.0,60,161.746364
1.0,56,161.757069
1.0,52,161.766792
1.0,50,161.776259
1.0,60,161.787414
1.0,62,161.798975
1.0,58,161.809772
1.0,60,161.820971
1.0,58,161.831821
1.0,58,161.842622
1.0,58,161.853471
1.0,70,161.866532
1.0,52,161.876288
1.0,62,161.887866
1.0,78,161.902469
1.0,54,161.912573
1.0,64,161.924574
1.0,60,161.935785
1.0,52,161.945484
1.0,56,161.956067
1.0,56,161.966525
1.0,52,161.976221
1.0,58,161.987054
1.0,50,161.996396
1.0,56,162.006874
1.0,60,162.018039
1.0,58,162.028873
1.0,58,162.039685
1.0,56,162.050135
1.0,54,162.060213
1.0,50,162.069556
1.0,56,162.080016
1.0,64,162.09192
1.0,52,162.101634
1.0,60,162.112816
1.0,54,162.122904
1.0,54,162.132986
1.0,60,162.144135
1.0,58,162.154934
1.0,60,162.166247
1.0,58,162.177043
1.0,62,162.188627
1.0,52,162.198337
1.0,56,162.208817
1.0,56,162.219284
1.0,58,162.230106
1.0,60,162.24129
1.0,52,162.250998
1.0,60,162.262187
1.0,58,162.27302
1.0,60,162.284237
1.0,58,162.295061
1.0,54,162.305126
1.0,58,162.315928
1.0,62,162.327485
1.0,62,162.339042
1.0,56,162.349493
1.0,58,162.36029
1.0,58,162.371262
1.0,62,162.382837
1.0,56,162.393296
1.0,58,162.404126
1.0,56,162.414622
1.0,52,162.424352
1.0,64,162.436292
1.0,54,162.446375
1.0,64,162.458319
1.0,56,162.468771
1.0,54,162.478862
1.0,62,162.490399
1.0,56,162.500833
1.0,58,162.511648
1.0,52,162.521361
1.0,58,162.532202
1.0,56,162.542645
1.0,50,162.551968
1.0,66,162.564257
1.0,56,162.574888
1.0,56,162.585325
1.0,58,162.596126
1.0,54,162.606215
1.0,52,162.615904
1.0,54,162.625935
1.0,66,162.638199
1.0,56,162.648703
1.0,56,162.659204
1.0,58,162.670012
1.0,58,162.680838
1.0,56,162.691294
1.0,54,162.701413
1.0,58,162.712308
1.0,58,162.723119
1.0,60,162.734463
1.0,54,162.744533
1.0,56,162.754969
1.0,62,162.766527
1.0,56,162.77711
1.0,68,162.789782
1.0,62,162.801361
1.0,58,162.812203
1.0,70,162.825238
1.0,62,162.836816
1.0,54,162.84692
1.0,58,162.857728
1.0,61,162.869084
1.0,52,162.87878
1.0,54,162.888868
1.0,52,162.89856
1.0,60,162.909733
1.0,52,162.919429
1.0,60,162.930614
1.0,54,162.940665
1.0,52,162.950367
1.0,54,162.960466
1.0,54,162.970521
1.0,58,162.981462
1.0,58,162.992283
1.0,54,163.002352
1.0,58,163.013159
1.0,56,163.023577
1.0,58,163.03435
1.0,56,163.044774
1.0,60,163.055925
1.0,56,163.06635
1.0,50,163.075677
1.0,58,163.086484
1.0,54,163.096547
1.0,54,163.106637
1.0,58,163.117424
1.0,56,163.127859
1.0,70,163.140887
1.0,56,163.15135
1.0,62,163.162915
1.0,70,163.175926
1.0,60,163.187228
1.0,54,163.197287
1.0,50,163.206664
1.0,50,163.216061
1.0,56,163.226492
1.0,60,163.237638
1.0,58,163.248452
1.0,56,163.258881
1.0,60,163.270078
1.0,60,163.281274
1.0,54,163.291355
1.0,52,163.30105
1.0,62,163.312566
1.0,60,163.323774
1.0,58,163.33455
1.0,50,163.343856
1.0,58,163.354635
1.0,56,163.365046
1.0,58,163.375863
1.0,62,163.387614
1.0,56,163.398043
1.0,66,163.410346
1.0,58,163.421142
1.0,60,163.432287
1.0,56,163.442765
1.0,58,163.453581
1.0,58,163.46436
1.0,64,163.476272
1.0,62,163.487821
1.0,66,163.500165
1.0,58,163.510941
1.0,58,163.521749
1.0,54,163.531818
1.0,54,163.54188
1.0,62,163.553499
1.0,54,163.56356
1.0,66,163.575828
1.0,96,163.593916
1.0,50,163.60327
1.0,56,163.613723
1.0,54,163.623817
1.0,54,163.633868
1.0,58,163.644763
1.0,58,163.65556
1.0,54,163.665659
1.0,58,163.676412
1.0,66,163.688686
1.0,56,163.699109
1.0,54,163.709162
1.0,56,163.71965
1.0,58,163.730481
1.0,52,163.740169
1.0,54,163.750214
1.0,56,163.760639
1.0,56,163.771099
1.0,58,163.781898
1.0,56,163.792467
1.0,54,163.80257
1.0,58,163.813353
1.0,52,163.82303
1.0,52,163.832774
1.0,58,163.843576
1.0,60,163.854743
1.0,52,163.864435
1.0,54,163.87451
1.0,56,163.885
1.0,50,163.894335
1.0,62,163.905879
1.0,58,163.916682
1.0,56,163.927123
1.0,62,163.938663
1.0,58,163.949511
1.0,56,163.95994
1.0,54,163.970012
1.0,60,163.981201
1.0,62,163.992759
1.0,56,164.003387
1.0,54,164.013432
1.0,64,164.025368
1.0,52,164.035061
1.0,52,164.044772
1.0,58,164.055627
1.0,68,164.068273
1.0,60,164.079444
1.0,56,164.08983
1.0,62,164.101388
1.0,56,164.11188
1.0,62,164.123429
1.0,58,164.134263
1.0,62,164.145819
1.0,60,164.156978
1.0,58,164.167843
1.0,62,164.179378
1.0,56,164.18979
1.0,56,164.200351
1.0,62,164.211936
1.0,56,164.222441
1.0,62,164.233985
1.0,56,164.244427
1.0,58,164.255235
1.0,68,164.267869
1.0,54,164.277976
1.0,58,164.288839
1.0,52,164.298611
1.0,58,164.309423
1.0,60,164.32055
1.0,56,164.331024
1.0,62,164.342602
1.0,54,164.352682
1.0,56,164.36313
1.0,52,164.372824
1.0,50,164.382151
1.0,60,164.393392
1.0,58,164.404322
1.0,62,164.415941
1.0,54,164.426033
1.0,52,164.43572
1.0,58,164.446586
1.0,56,164.457031
1.0,56,164.467429
1.0,60,164.478591
1.0,68,164.491297
1.0,54,164.50142
1.0,52,164.511106
1.0,60,164.522219
1.0,54,164.53227
1.0,58,164.543057
1.0,50,164.552384
1.0,60,164.563586
1.0,58,164.574397
1.0,74,164.588133
1.0,58,164.598923
1.0,54,164.60909
1.0,52,164.618828
1.0,60,164.62999
1.0,50,164.639315
1.0,56,164.649725
1.0,56,164.660133
1.0,56,164.670612
1.0,58,164.681363
1.0,52,164.691055
1.0,56,164.701468
1.0,56,164.71189
1.0,58,164.722717
1.0,52,164.732444
1.0,52,164.742204
1.0,58,164.752983
1.0,56,164.763393
1.0,62,164.774996
1.0,54,164.785117
1.0,58,164.795908
1.0,68,164.808582
1.0,50,164.818026
1.0,50,164.827354
1.0,58,164.838199
1.0,50,164.847511
1.0,58,164.858288
1.0,54,164.86834
1.0,52,164.878006
1.0,62,164.889535
1.0,58,164.900364
1.0,52,164.910024
1.0,58,164.920794
1.0,52,164.930468
1.0,52,164.940154
1.0,52,164.949896
1.0,56,164.960287
1.0,58,164.971071
1.0,56,164.981472
1.0,60,164.992619
1.0,58,165.003445
1.0,52,165.013114
1.0,64,165.025152
1.0,60,165.036316
1.0,62,165.047842
1.0,54,165.057886
1.0,52,165.06763
1.0,52,165.077316
1.0,68,165.08994
1.0,60,165.101074
1.0,58,165.111829
1.0,52,165.12156
1.0,58,165.13233
1.0,64,165.144234
1.0,56,165.154702
1.0,58,165.16549
1.0,54,165.175609
1.0,60,165.186748
1.0,56,165.197146
1.0,52,165.206828
1.0,54,165.216874
1.0,52,165.226698
1.0,60,165.237905
1.0,56,165.248328
1.0,52,165.257988
1.0,60,165.269142
1.0,60,165.280282
1.0,52,165.290027
1.0,62,165.301499
1.0,60,165.312626
1.0,56,165.323038
1.0,64,165.334925
1.0,56,165.345383
1.0,56,165.355769
1.0,54,165.365819
1.0,62,165.37737
1.0,54,165.387501
1.0,50,165.396888
1.0,58,165.407653
1.0,56,165.41807
1.0,58,165.428972
1.0,62,165.44051
1.0,54,165.450578
1.0,56,165.461038
1.0,54,165.471103
1.0,52,165.480787
1.0,56,165.491175
1.0,58,165.501911
1.0,62,165.513576
1.0,58,165.524345
1.0,54,165.534375
1.0,54,165.544453
1.0,50,165.553753
1.0,56,165.564207
1.0,56,165.574693
1.0,54,165.584701
1.0,58,165.595478
1.0,56,165.605891
1.0,56,165.616325
1.0,56,165.626859
1.0,54,165.637009
1.0,58,165.647777
1.0,52,165.657445
1.0,54,165.667509
1.0,52,165.677258
1.0,56,165.687654
1.0,54,165.697712
1.0,62,165.709236
1.0,60,165.720383
1.0,54,165.730411
1.0,56,165.740891
1.0,54,165.750906
1.0,64,165.762782
1.0,56,165.773188
1.0,58,165.78394
1.0,60,165.795152
1.0,64,165.806999
1.0,58,165.817769
1.0,50,165.827078
1.0,58,165.838011
1.0,56,165.848498
1.0,54,165.858516
1.0,72,165.871874
1.0,60,165.883033
1.0,62,165.894542
1.0,54,165.904649
1.0,58,165.915433
1.0,54,165.925466
1.0,58,165.936243
1.0,60,165.947406
1.0,54,165.95753
1.0,66,165.969786
1.0,60,165.980949
1.0,60,165.992073
1.0,58,166.002854
1.0,52,166.012602
1.0,56,166.023024
1.0,52,166.032712
1.0,54,166.042876
1.0,58,166.053643
1.0,56,166.064044
1.0,58,166.074887
1.0,58,166.085631
1.0,58,166.096391
1.0,58,166.107177
1.0,60,166.118331
1.0,56,166.128788
1.0,58,166.139566
1.0,56,166.149964
1.0,52,166.15962
1.0,64,166.171485
1.0,54,166.181597
1.0,60,166.192759
1.0,56,166.203175
1.0,54,166.213243
1.0,58,166.22404
1.0,56,166.234449
1.0,64,166.246525
1.0,54,166.25657
1.0,56,166.266997
1.0,56,166.277397
1.0,52,166.287043
1.0,60,166.298234
1.0,60,166.309372
1.0,68,166.322011
1.0,54,166.332069
1.0,52,166.341738
1.0,56,166.352214
1.0,54,166.36226
1.0,56,166.372693
1.0,58,166.383502
1.0,58,166.394277
1.0,52,166.404014
1.0,58,166.414803
1.0,54,166.424835
1.0,62,166.436361
1.0,64,166.448426
1.0,52,166.45808
1.0,56,166.468545
1.0,52,166.478217
1.0,58,166.488957
1.0,56,166.499358
1.0,52,166.509047
1.0,54,166.519165
1.0,54,166.529199
1.0,58,166.53998
1.0,60,166.551111
1.0,62,166.562658
1.0,56,166.573128
1.0,58,166.583919
1.0,60,166.595086
1.0,50,166.60442
1.0,58,166.615282
1.0,64,166.627233
1.0,60,166.638413
1.0,60,166.649759
1.0,64,166.66165
1.0,50,166.67097
1.0,54,166.681021
1.0,64,166.692974
1.0,52,166.70263
1.0,54,166.712652
1.0,450,166.797013
1.0,54,166.807117
1.0,60,166.818314
1.0,52,166.828038
1.0,54,166.838123
1.0,58,166.848925
1.0,58,166.859873
1.0,58,166.870699
1.0,54,166.880758
1.0,56,166.891199
1.0,62,166.902718
1.0,62,166.914224
1.0,54,166.924279
1.0,60,166.93544
1.0,58,166.946254
1.0,58,166.957054
1.0,58,166.96786
1.0,58,166.978673
1.0,58,166.989459
1.0,58,167.000275
1.0,52,167.009953
1.0,56,167.020352
1.0,62,167.031872
1.0,58,167.042693
1.0,58,167.053485
1.0,56,167.064087
1.0,50,167.073413
1.0,66,167.085671
1.0,52,167.095364
1.0,60,167.10653
1.0,60,167.117678
1.0,56,167.128115
1.0,50,167.137431
1.0,59,167.148395
1.0,56,167.158806
1.0,66,167.17112
1.0,58,167.181926
1.0,56,167.192364
1.0,54,167.20242
1.0,54,167.212476
1.0,56,167.222936
1.0,54,167.232969
1.0,54,167.243014
1.0,52,167.252727
1.0,58,167.263654
1.0,60,167.274824
1.0,58,167.285641
1.0,52,167.29535
1.0,60,167.30654
1.0,64,167.318421
1.0,62,167.329944
1.0,56,167.340379
1.0,58,167.351162
1.0,60,167.362355
1.0,54,167.372554
1.0,56,167.382999
1.0,54,167.393072
1.0,58,167.403842
1.0,68,167.416488
1.0,62,167.428009
1.0,56,167.438478
1.0,60,167.449653
1.0,56,167.460096
1.0,56,167.470685
1.0,58,167.481517
1.0,56,167.491996
1.0,58,167.502813
1.0,56,167.513278
1.0,52,167.522991
1.0,60,167.534176
1.0,56,167.544598
1.0,58,167.555426
1.0,54,167.565543
1.0,58,167.57639
1.0,54,167.586536
1.0,54,167.596607
1.0,62,167.608157
1.0,62,167.619754
1.0,58,167.630597
1.0,62,167.642241
1.0,60,167.653488
1.0,58,167.664399
1.0,56,167.675065
1.0,54,167.685171
1.0,64,167.697188
1.0,52,167.706946
1.0,58,167.717824
1.0,66,167.730141
1.0,52,167.739888
1.0,58,167.750739
1.0,54,167.760838
1.0,60,167.772042
1.0,56,167.782521
1.0,66,167.794869
1.0,56,167.805377
1.0,64,167.817343
1.0,54,167.827468
1.0,52,167.837214
1.0,66,167.849573
1.0,54,167.85966
1.0,54,167.869754
1.0,50,167.879253
1.0,64,167.891208
1.0,62,167.902828
1.0,54,167.912966
1.0,54,167.923082
1.0,58,167.933947
1.0,56,167.944493
1.0,62,167.956105
1.0,67,167.968657
1.0,62,167.980262
1.0,56,167.990776
1.0,64,168.002747
1.0,50,168.012135
1.0,56,168.022609
1.0,52,168.032426
1.0,56,168.042902
1.0,58,168.053757
1.0,52,168.063488
1.0,58,168.07434
1.0,56,168.084946
1.0,54,168.09507
1.0,56,168.105563
1.0,58,168.116389
1.0,58,168.12728
1.0,58,168.138126
1.0,54,168.148235
1.0,56,168.158727
1.0,62,168.170339
1.0,58,168.181203
1.0,60,168.192436
1.0,60,168.203696
1.0,54,168.21386
1.0,52,168.22366
1.0,62,168.235348
1.0,52,168.245212
1.0,62,168.256962
1.0,64,168.268956
1.0,66,168.281487
1.0,54,168.2917
1.0,58,168.302562
1.0,54,168.312754
1.0,54,168.32285
1.0,58,168.333684
1.0,66,168.346075
1.0,60,168.357289
1.0,54,168.367418
1.0,58,168.378266
1.0,56,168.388797
1.0,56,168.399318
1.0,56,168.40985
1.0,58,168.420775
1.0,50,168.430149
1.0,54,168.440278
1.0,60,168.451544
1.0,54,168.461733
1.0,62,168.473418
1.0,58,168.484451
1.0,52,168.494208
1.0,60,168.505428
1.0,52,168.515187
1.0,54,168.525305
1.0,54,168.535408
1.0,54,168.545551
1.0,54,168.555675
1.0,56,168.566179
1.0,54,168.57633
1.0,58,168.587233
1.0,58,168.598144
1.0,60,168.609411
1.0,56,168.619902
1.0,56,168.630434
1.0,54,168.640559
1.0,54,168.650681
1.0,58,168.66153
1.0,54,168.671647
1.0,56,168.682121
1.0,56,168.692701
1.0,56,168.703148
1.0,58,168.71401
1.0,62,168.725623
1.0,52,168.735358
1.0,56,168.745841
1.0,58,168.756676
1.0,54,168.766782
1.0,60,168.777998
1.0,56,168.788506
1.0,54,168.798614
1.0,54,168.808718
1.0,66,168.821081
1.0,54,168.831186
1.0,66,168.843531
1.0,50,168.852925
1.0,60,168.864182
1.0,56,168.874702
1.0,52,168.884436
1.0,58,168.895435
1.0,56,168.905907
1.0,52,168.91565
1.0,52,168.925405
1.0,54,168.935511
1.0,56,168.946019
1.0,54,168.956152
1.0,50,168.965519
1.0,58,168.976378
1.0,54,168.986486
1.0,64,168.998415
1.0,54,169.00853
1.0,52,169.018273
1.0,60,169.029475
1.0,52,169.039206
1.0,64,169.051152
1.0,60,169.062335
1.0,54,169.072414
1.0,58,169.08325
1.0,56,169.093755
1.0,56,169.104396
1.0,58,169.115245
1.0,56,169.125717
1.0,56,169.136193
1.0,56,169.146649
1.0,56,169.157101
1.0,60,169.168312
1.0,62,169.180012
1.0,60,169.19124
1.0,58,169.202095
1.0,56,169.212591
1.0,58,169.223482
1.0,58,169.234323
1.0,50,169.243705
1.0,54,169.253961
1.0,62,169.265589
1.0,62,169.277178
1.0,50,169.28656
1.0,68,169.299454
1.0,56,169.310008
1.0,58,169.320923
1.0,60,169.332169
1.0,56,169.342661
1.0,58,169.353502
1.0,58,169.364326
1.0,58,169.375186
1.0,64,169.387167
1.0,54,169.397278
1.0,54,169.407388
1.0,58,169.418279
1.0,56,169.428781
1.0,54,169.438878
1.0,52,169.448619
1.0,62,169.460216
1.0,56,169.470695
1.0,62,169.482263
1.0,52,169.492013
1.0,56,169.502501
1.0,58,169.513479
1.0,52,169.523267
1.0,52,169.532998
1.0,58,169.543873
1.0,52,169.553624
1.0,54,169.563756
1.0,54,169.573882
1.0,58,169.584769
1.0,56,169.595265
1.0,58,169.606094
1.0,62,169.6177
1.0,54,169.627833
1.0,62,169.639416
1.0,54,169.649493
1.0,60,169.660734
1.0,58,169.671632
1.0,56,169.682146
1.0,56,169.69262
1.0,58,169.703485
1.0,52,169.713377
1.0,66,169.725733
1.0,60,169.736937
1.0,54,169.747057
1.0,52,169.756791
1.0,60,169.768004
1.0,58,169.778854
1.0,54,169.788972
1.0,54,169.799091
1.0,54,169.809155
1.0,56,169.819632
1.0,56,169.830095
1.0,52,169.839829
1.0,54,169.849948
1.0,56,169.860451
1.0,52,169.870156
1.0,50,169.87955
1.0,56,169.890043
1.0,60,169.901276
1.0,52,169.911084
1.0,56,169.92165
1.0,50,169.931076
1.0,54,169.941224
1.0,62,169.952843
1.0,56,169.963362
1.0,60,169.97462
1.0,58,169.985493
1.0,64,169.997514
1.0,56,170.007998
1.0,60,170.019238
1.0,52,170.028985
1.0,52,170.038766
1.0,56,170.049254
1.0,62,170.060808
1.0,60,170.072002
1.0,62,170.083584
1.0,56,170.094046
1.0,64,170.105989
1.0,64,170.118075
1.0,56,170.128549
1.0,56,170.139066
1.0,56,170.149549
1.0,56,170.160037
1.0,70,170.173094
1.0,60,170.184321
1.0,54,170.194397
1.0,62,170.205964
1.0,54,170.216053
1.0,54,170.226135
1.0,66,170.23842
1.0,52,170.248139
1.0,56,170.258617
1.0,58,170.269445
1.0,58,170.280309
1.0,56,170.290817
1.0,54,170.300946
1.0,66,170.313322
1.0,62,170.325052
1.0,56,170.335593
1.0,56,170.346084
1.0,54,170.356189
1.0,60,170.36742
1.0,50,170.376804
1.0,52,170.38657
1.0,60,170.397809
1.0,54,170.407927
1.0,54,170.418067
1.0,66,170.430402
1.0,58,170.441273
1.0,102,170.460436
1.0,52,170.470194
1.0,54,170.480342
1.0,54,170.490452
1.0,60,170.50166
1.0,60,170.512876
1.0,52,170.522631
1.0,52,170.532489
1.0,54,170.542577
1.0,56,170.553011
1.0,62,170.564615
1.0,60,170.575839
1.0,52,170.585554
1.0,52,170.595293
1.0,58,170.606128
1.0,60,170.617366
1.0,58,170.628267
1.0,58,170.639191
1.0,58,170.650077
1.0,58,170.660918
1.0,56,170.671408
1.0,52,170.681136
1.0,66,170.693439
1.0,54,170.703585
1.0,60,170.714791
1.0,58,170.725624
1.0,56,170.736267
1.0,58,170.74712
1.0,58,170.757948
1.0,56,170.768431
1.0,54,170.778523
1.0,54,170.788606
1.0,66,170.800921
1.0,52,170.81065
1.0,54,170.820781
1.0,60,170.83199
1.0,58,170.842835
1.0,54,170.852917
1.0,58,170.863751
1.0,56,170.874224
1.0,52,170.883977
1.0,60,170.895177
1.0,54,170.905283
1.0,56,170.915773
1.0,54,170.92585
1.0,50,170.93536
1.0,56,170.945823
1.0,54,170.955919
1.0,50,170.965267
1.0,58,170.976108
1.0,56,170.986567
1.0,52,170.996305
1.0,52,171.006021
1.0,52,171.015751
1.0,54,171.025818
1.0,56,171.036286
1.0,56,171.046752
1.0,56,171.057224
1.0,54,171.067353
1.0,58,171.078222
1.0,60,171.089381
1.0,54,171.099484
1.0,58,171.110329
1.0,62,171.122066
1.0,54,171.132176
1.0,60,171.143524
1.0,54,171.153653
1.0,52,171.163388
1.0,64,171.175361
1.0,56,171.185821
1.0,56,171.196334
1.0,52,171.206121
1.0,56,171.216645
1.0,58,171.227533
1.0,62,171.23919
1.0,60,171.250574
1.0,52,171.26046
1.0,56,171.27096
1.0,54,171.281056
1.0,62,171.292638
1.0,52,171.302361
1.0,56,171.31282
1.0,58,171.323678
1.0,62,171.335258
1.0,54,171.345463
1.0,58,171.356298
1.0,56,171.366747
1.0,58,171.377595
1.0,54,171.387722
1.0,50,171.397082
1.0,56,171.407547
1.0,56,171.41799
1.0,54,171.428125
1.0,54,171.438185
1.0,54,171.448276
1.0,50,171.45763
1.0,54,171.467714
1.0,52,171.477423
1.0,64,171.489357
1.0,64,171.501287
1.0,54,171.51139
1.0,54,171.52145
1.0,56,171.531909
1.0,50,171.541259
1.0,54,171.551458
1.0,56,171.561891
1.0,56,171.572347
1.0,56,171.582794
1.0,52,171.592533
1.0,56,171.60297
1.0,54,171.613044
1.0,56,171.623524
1.0,56,171.633954
1.0,62,171.645512
1.0,62,171.657055
1.0,54,171.667143
1.0,60,171.678335
1.0,60,171.689546
1.0,54,171.699632
1.0,58,171.710417
1.0,52,171.720126
1.0,54,171.730184
1.0,60,171.741395
1.0,62,171.753071
1.0,54,171.763156
1.0,58,171.773975
1.0,66,171.786289
1.0,64,171.798208
1.0,56,171.80865
1.0,60,171.81986
1.0,62,171.83144
1.0,60,171.842616
1.0,52,171.852345
1.0,60,171.86352
1.0,58,171.874352
1.0,54,171.884427
1.0,56,171.894871
1.0,52,171.904585
1.0,54,171.914641
1.0,68,171.927308
1.0,58,171.938139
1.0,58,171.948977
1.0,54,171.959215
1.0,54,171.969308
1.0,58,171.980136
1.0,58,171.990986
1.0,58,172.001793
1.0,54,172.011907
1.0,54,172.021997
1.0,56,172.03244
1.0,54,172.042563
1.0,56,172.053013
1.0,58,172.063818
1.0,60,172.075022
1.0,60,172.086232
1.0,62,172.0978
1.0,50,172.107178
1.0,58,172.117983
1.0,60,172.129179
1.0,64,172.1411
1.0,58,172.151902
1.0,54,172.162092
1.0,58,172.172901
1.0,54,172.183007
1.0,58,172.193836
1.0,58,172.204634
1.0,56,172.215114
1.0,54,172.22521
1.0,60,172.236374
1.0,54,172.246461
1.0,54,172.256563
1.0,56,172.267012
1.0,52,172.276725
1.0,58,172.287585
1.0,52,172.297288
1.0,54,172.307348
1.0,62,172.318924
1.0,64,172.330862
1.0,58,172.341726
1.0,64,172.353657
1.0,58,172.364652
1.0,64,172.376608
1.0,52,172.386329
1.0,54,172.396448
1.0,56,172.406909
1.0,52,172.416656
1.0,50,172.426004
1.0,52,172.435735
1.0,54,172.445828
1.0,58,172.456666
1.0,60,172.467833
1.0,56,172.478292
1.0,54,172.48839
1.0,50,172.497731
1.0,54,172.507813
1.0,58,172.518643
1.0,54,172.528723
1.0,56,172.539169
1.0,56,172.549645
1.0,62,172.561188
1.0,58,172.572164
1.0,52,172.581839
1.0,54,172.591885
1.0,58,172.602684
1.0,60,172.613862
1.0,56,172.624296
1.0,58,172.635134
1.0,56,172.645579
1.0,58,172.656418
1.0,60,172.667619
1.0,58,172.678427
1.0,78,172.693025
1.0,56,172.703487
1.0,52,172.713184
1.0,58,172.724016
1.0,60,172.735257
1.0,54,172.745332
1.0,52,172.755034
1.0,66,172.767301
1.0,52,172.777146
1.0,60,172.788407
1.0,52,172.798155
1.0,60,172.80937
1.0,52,172.819124
1.0,60,172.830384
1.0,56,172.84093
1.0,60,172.852218
1.0,56,172.862734
1.0,66,172.875097
1.0,56,172.88556
1.0,54,172.895675
1.0,56,172.906217
1.0,90,172.923155
1.0,66,172.93556
1.0,62,172.947204
1.0,64,172.959173
1.0,58,172.970054
1.0,58,172.981065
1.0,58,172.992023
1.0,62,173.003617
1.0,54,173.013714
1.0,56,173.024144
1.0,58,173.034981
1.0,64,173.046878
1.0,54,173.056963
1.0,60,173.06815
1.0,62,173.080003
1.0,54,173.09083
1.0,52,173.100884
1.0,64,173.113232
1.0,56,173.124079
1.0,54,173.134413
1.0,58,173.145609
1.0,142,173.173016
1.0,54,173.183267
1.0,52,173.193114
1.0,56,173.203624
1.0,50,173.213019
1.0,56,173.223457
1.0,60,173.237456
1.0,56,173.248374
1.0,54,173.258528
1.0,62,173.270132
1.0,54,173.280278
1.0,62,173.291832
1.0,58,173.302683
1.0,64,173.314622
1.0,196,173.351792
1.0,64,173.363851
1.0,58,173.374719
1.0,54,173.38501
1.0,60,173.396254
1.0,52,173.406047
1.0,54,173.416213
1.0,60,173.427437
1.0,54,173.437612
1.0,56,173.448125
1.0,54,173.458263
1.0,60,173.469494
1.0,56,173.480009
1.0,58,173.490871
1.0,62,173.50246
1.0,54,173.51259
1.0,56,173.523071
1.0,56,173.533604
1.0,56,173.544089
1.0,54,173.554197
1.0,54,173.564343
1.0,58,173.575217
1.0,58,173.586094
1.0,56,173.596749
1.0,56,173.607259
1.0,62,173.618881
1.0,56,173.629391
1.0,50,173.638813
1.0,62,173.650475
1.0,60,173.661749
1.0,60,173.673012
1.0,58,173.683943
1.0,58,173.694912
1.0,50,173.704324
1.0,56,173.714861
1.0,56,173.725397
1.0,52,173.735184
1.0,56,173.745749
1.0,56,173.756276
1.0,60,173.767566
1.0,58,173.778483
1.0,60,173.789812
1.0,54,173.800175
1.0,54,173.810361
1.0,62,173.822021
1.0,56,173.832561
1.0,56,173.84312
1.0,54,173.853278
1.0,50,173.862685
1.0,60,173.873942
1.0,52,173.883751
1.0,54,173.894021
1.0,64,173.90601
1.0,58,173.916898
1.0,56,173.927402
1.0,60,173.938603
1.0,62,173.950269
1.0,56,173.960816
1.0,58,173.97174
1.0,136,173.997589
1.0,54,174.007709
1.0,60,174.01892
1.0,50,174.028269
1.0,54,174.038368
1.0,64,174.050339
1.0,62,174.0619
1.0,58,174.072736
1.0,50,174.082081
1.0,52,174.091809
1.0,60,174.103024
1.0,56,174.11347
1.0,58,174.124277
1.0,60,174.135466
1.0,60,174.146679
1.0,54,174.156765
1.0,58,174.167598
1.0,56,174.178063
1.0,64,174.190027
1.0,54,174.200312
1.0,52,174.210069
1.0,52,174.219808
1.0,54,174.229886
1.0,58,174.240735
1.0,62,174.252309
1.0,60,174.263554
1.0,50,174.272938
1.0,58,174.283818
1.0,62,174.29542
1.0,54,174.305526
1.0,54,174.315651
1.0,54,174.325755
1.0,60,174.336974
1.0,56,174.347462
1.0,54,174.357599
1.0,58,174.368488
1.0,66,174.380855
1.0,50,174.390217
1.0,64,174.402158
1.0,60,174.413543
1.0,54,174.423667
1.0,54,174.433774
1.0,60,174.44501
1.0,52,174.454757
1.0,62,174.466308
1.0,64,174.478238
1.0,62,174.489825
1.0,62,174.501416
1.0,54,174.511498
1.0,56,174.521973
1.0,56,174.532425
1.0,52,174.542151
1.0,50,174.551494
1.0,50,174.560846
1.0,60,174.572038
1.0,52,174.581767
1.0,62,174.593325
1.0,56,174.603807
1.0,60,174.615098
1.0,52,174.62485
1.0,58,174.635756
1.0,54,174.645889
1.0,58,174.656713
1.0,50,174.666059
1.0,54,174.676167
1.0,50,174.68556
1.0,62,174.697227
1.0,56,174.70772
1.0,64,174.719673
1.0,60,174.730899
1.0,60,174.742113
1.0,54,174.752216
1.0,56,174.762688
1.0,56,174.773165
1.0,154,174.802065
1.0,58,174.81304
1.0,62,174.82463
1.0,56,174.835131
1.0,58,174.845969
1.0,54,174.856082
1.0,60,174.867279
1.0,56,174.877946
1.0,56,174.888436
1.0,56,174.898918
1.0,56,174.909388
1.0,56,174.919841
1.0,54,174.929932
1.0,58,174.940754
1.0,52,174.95047
1.0,56,174.96092
1.0,56,174.971389
1.0,60,174.98259
1.0,62,174.994194
1.0,58,175.005102
1.0,52,175.014938
1.0,58,175.025877
1.0,52,175.035629
1.0,62,175.047271
1.0,64,175.059237
1.0,56,175.069704
1.0,66,175.082028
1.0,56,175.092503
1.0,60,175.10372
1.0,58,175.11459
1.0,60,175.126067
1.0,56,175.136613
1.0,62,175.148441
1.0,52,175.158242
1.0,52,175.168013
1.0,58,175.179196
1.0,56,175.190368
1.0,54,175.200899
1.0,50,175.21054
1.0,56,175.22138
1.0,54,175.231894
1.0,66,175.244623
1.0,74,175.258958
1.0,62,175.270922
1.0,56,175.281744
1.0,62,175.293657
1.0,64,175.305896
1.0,66,175.318252
1.0,62,175.329889
1.0,56,175.34042
1.0,52,175.350209
1.0,56,175.360728
1.0,58,175.371586
1.0,52,175.381349
1.0,62,175.392977
1.0,60,175.404209
1.0,56,175.414705
1.0,58,175.425683
1.0,54,175.435786
1.0,50,175.445174
1.0,56,175.455642
1.0,56,175.466119
1.0,54,175.476208
1.0,54,175.4863
1.0,54,175.496409
1.0,58,175.507267
1.0,52,175.516992
1.0,64,175.528964
1.0,54,175.539083
1.0,54,175.549201
1.0,66,175.561524
1.0,54,175.571678
1.0,58,175.582528
1.0,64,175.594506
1.0,58,175.605333
1.0,56,175.615825
1.0,50,175.625192
1.0,66,175.637713
1.0,56,175.648218
1.0,58,175.659063
1.0,58,175.669878
1.0,56,175.680355
1.0,54,175.690444
1.0,60,175.701633
1.0,54,175.711739
1.0,54,175.721816
1.0,66,175.734087
1.0,56,175.744566
1.0,60,175.755805
1.0,60,175.76699
1.0,54,175.777078
1.0,60,175.788305
1.0,60,175.799485
1.0,54,175.809573
1.0,62,175.821146
1.0,58,175.832122
1.0,52,175.84183
1.0,56,175.85228
1.0,60,175.863477
1.0,54,175.873542
1.0,56,175.884015
1.0,62,175.895582
1.0,64,175.907544
1.0,52,175.9173
1.0,58,175.928172
1.0,64,175.940174
1.0,54,175.95031
1.0,52,175.960064
1.0,62,175.972101
1.0,54,175.982191
1.0,54,175.992293
1.0,52,176.00202
1.0,54,176.012117
1.0,56,176.022593
1.0,52,176.032342
1.0,54,176.042623
1.0,54,176.052719
1.0,58,176.063563
1.0,50,176.072898
1.0,58,176.083798
1.0,60,176.095045
1.0,52,176.10478
1.0,52,176.11452
1.0,60,176.125724
1.0,52,176.135499
1.0,60,176.146716
1.0,56,176.157173
1.0,56,176.16767
1.0,54,176.177746
1.0,58,176.188585
1.0,50,176.19795
1.0,50,176.207345
1.0,54,176.217474
1.0,58,176.228378
1.0,56,176.238939
1.0,60,176.250235
1.0,54,176.26035
1.0,56,176.270848
1.0,54,176.280945
1.0,58,176.291829
1.0,56,176.302316
1.0,62,176.313938
1.0,58,176.324777
1.0,56,176.335241
1.0,54,176.345337
1.0,54,176.355433
1.0,54,176.365529
1.0,60,176.376817
1.0,56,176.387275
1.0,62,176.398831
1.0,54,176.408919
1.0,62,176.420496
1.0,60,176.431705
1.0,62,176.443364
1.0,50,176.452781
1.0,60,176.463985
1.0,54,176.474082
1.0,66,176.486411
1.0,58,176.497209
1.0,58,176.508068
1.0,52,176.517804
1.0,52,176.527524
1.0,54,176.537597
1.0,58,176.548414
1.0,58,176.559248
1.0,60,176.570436
1.0,60,176.581635
1.0,62,176.593225
1.0,60,176.604406
1.0,54,176.614524
1.0,68,176.627209
1.0,66,176.639588
1.0,52,176.649474
1.0,58,176.660366
1.0,66,176.672744
1.0,54,176.682842
1.0,54,176.692967
1.0,60,176.704161
1.0,62,176.715734
1.0,50,176.725084
1.0,56,176.735586
1.0,52,176.745372
1.0,58,176.756344
1.0,56,176.766875
1.0,54,176.776942
1.0,60,176.78813
1.0,60,176.79933
1.0,52,176.809049
1.0,62,176.820598
1.0,52,176.830334
1.0,58,176.841169
1.0,50,176.850537
1.0,54,176.860761
1.0,56,176.871221
1.0,56,176.881762
1.0,54,176.891906
1.0,60,176.903177
1.0,64,176.915116
1.0,52,176.924843
1.0,59,176.93596
1.0,52,176.945699
1.0,56,176.956135
1.0,58,176.966958
1.0,56,176.977454
1.0,60,176.989
1.0,62,177.000581
1.0,54,177.010685
1.0,56,177.021156
1.0,56,177.031618
1.0,50,177.040949
1.0,56,177.051484
1.0,54,177.061712
1.0,54,177.071806
1.0,64,177.083766
1.0,58,177.094599
1.0,70,177.107736
1.0,58,177.118587
1.0,56,177.129107
1.0,50,177.138531
1.0,56,177.14903
1.0,54,177.159225
1.0,50,177.168594
1.0,62,177.180173
1.0,60,177.191369
1.0,50,177.200707
1.0,56,177.211193
1.0,56,177.221679
1.0,52,177.231423
1.0,62,177.243029
1.0,62,177.254588
1.0,60,177.265896
1.0,62,177.277552
1.0,58,177.288375
1.0,62,177.299948
1.0,62,177.311538
1.0,52,177.321251
1.0,54,177.331387
1.0,60,177.342572
1.0,56,177.353117
1.0,54,177.363297
1.0,60,177.374692
1.0,54,177.38494
1.0,64,177.397036
1.0,54,177.407159
1.0,60,177.418412
1.0,56,177.428993
1.0,62,177.440662
1.0,56,177.451115
1.0,52,177.460805
1.0,54,177.47101
1.0,52,177.480712
1.0,56,177.491182
1.0,54,177.50124
1.0,54,177.511323
1.0,58,177.522131
1.0,54,177.532209
1.0,58,177.543036
1.0,50,177.55246
1.0,52,177.562171
1.0,62,177.573714
1.0,66,177.58598
1.0,52,177.595711
1.0,60,177.606957
1.0,52,177.616651
1.0,50,177.625954
1.0,56,177.636382
1.0,50,177.645698
1.0,58,177.656504
1.0,62,177.668247
1.0,58,177.679046
1.0,56,177.689479
1.0,56,177.699896
1.0,56,177.710332
1.0,56,177.720859
1.0,68,177.733545
1.0,54,177.743626
1.0,62,177.755151
1.0,801,177.905591
1.0,62,177.917268
1.0,66,177.929581
1.0,54,177.939677
1.0,54,177.949782
1.0,58,177.960618
1.0,56,177.971084
1.0,58,177.981919
1.0,62,177.99354
1.0,54,178.003666
1.0,60,178.014883
1.0,70,178.027972
1.0,62,178.039543
1.0,56,178.050024
1.0,50,178.059416
1.0,52,178.069132
1.0,60,178.080455
1.0,58,178.091302
1.0,54,178.101401
1.0,52,178.111142
1.0,52,178.120843
1.0,50,178.130173
1.0,54,178.140271
1.0,118,178.162343
1.0,54,178.172459
1.0,56,178.182945
1.0,56,178.193421
1.0,56,178.203893
1.0,54,178.213975
1.0,50,178.223357
1.0,62,178.234944
1.0,56,178.245416
1.0,58,178.256233
1.0,58,178.267121
1.0,60,178.278364
1.0,58,178.289374
1.0,60,178.300668
1.0,54,178.310819
1.0,56,178.321318
1.0,52,178.331125
1.0,62,178.342767
1.0,56,178.353313
1.0,58,178.364203
1.0,60,178.37552
1.0,54,178.385696
1.0,60,178.396976
1.0,54,178.407128
1.0,52,178.416935
1.0,58,178.427853
1.0,54,178.438026
1.0,54,178.448158
1.0,52,178.457906
1.0,54,178.468059
1.0,54,178.478188
1.0,62,178.48998
1.0,62,178.501654
1.0,64,178.513729
1.0,56,178.524271
1.0,56,178.534821
1.0,58,178.545663
1.0,60,178.556922
1.0,70,178.570079
1.0,56,178.580595
1.0,56,178.591118
1.0,60,178.602376
1.0,56,178.612915
1.0,54,178.623088
1.0,58,178.634145
1.0,66,178.646554
1.0,52,178.656363
1.0,66,178.668777
1.0,62,178.680431
1.0,54,178.690756
1.0,58,178.701624
1.0,66,178.714005
1.0,54,178.724176
1.0,54,178.734385
1.0,60,178.745674
1.0,54,178.755872
1.0,56,178.766423
1.0,50,178.775867
1.0,54,178.786036
1.0,64,178.798049
1.0,60,178.809316
1.0,60,178.820599
1.0,54,178.830747
1.0,52,178.840524
1.0,50,178.849896
1.0,56,178.860399
1.0,56,178.870933
1.0,56,178.8815
1.0,58,178.892631
1.0,54,178.902833
1.0,54,178.913046
1.0,62,178.924712
1.0,56,178.935261
1.0,64,178.947289
1.0,60,178.958571
1.0,56,178.969102
1.0,54,178.979228
1.0,56,178.9897
1.0,74,179.003576
1.0,56,179.014052
1.0,56,179.024546
1.0,60,179.035774
1.0,54,179.045887
1.0,54,179.056027
1.0,56,179.0665
1.0,54,179.076597
1.0,66,179.088938
1.0,58,179.09997
1.0,62,179.11157
1.0,54,179.121692
1.0,60,179.132932
1.0,60,179.144189
1.0,54,179.154296
1.0,60,179.165506
1.0,56,179.175989
1.0,54,179.186075
1.0,52,179.195814
1.0,60,179.207052
1.0,54,179.217153
1.0,50,179.226532
1.0,69,179.239445
1.0,52,179.249161
1.0,62,179.260752
1.0,64,179.272756
1.0,56,179.283258
1.0,60,179.29448
1.0,56,179.305049
1.0,56,179.315523
1.0,52,179.325264
1.0,60,179.336534
1.0,58,179.347387
1.0,58,179.358247
1.0,56,179.368789
1.0,50,179.378183
1.0,58,179.389065
1.0,54,179.399276
1.0,56,179.409784
1.0,56,179.420336
1.0,54,179.430457
1.0,60,179.441681
1.0,56,179.452161
1.0,60,179.463403
1.0,58,179.474263
1.0,56,179.484784
1.0,56,179.495279
1.0,52,179.505151
1.0,56,179.515662
1.0,50,179.525033
1.0,60,179.536291
1.0,54,179.546398
1.0,54,179.556553
1.0,62,179.568145
1.0,56,179.578588
1.0,60,179.589824
1.0,58,179.600699
1.0,56,179.611202
1.0,58,179.62214
1.0,60,179.633398
1.0,56,179.64394
1.0,54,179.654149
1.0,60,179.665428
1.0,58,179.676317
1.0,52,179.686083
1.0,58,179.696967
1.0,52,179.70677
1.0,60,179.718145
1.0,68,179.730904
1.0,60,179.742151
1.0,60,179.753402
1.0,58,179.764331
1.0,58,179.775219
1.0,58,179.786092
1.0,62,179.797691
1.0,60,179.808965
1.0,68,179.821656
1.0,54,179.831823
1.0,52,179.841598
1.0,52,179.851432
1.0,62,179.863047
1.0,58,179.873942
1.0,56,179.884507
1.0,56,179.894993
1.0,66,179.907469
1.0,55,179.917956
1.0,62,179.929588
1.0,58,179.940524
1.0,52,179.950294
1.0,58,179.961228
1.0,54,179.971354
1.0,62,179.982977
1.0,56,179.993518
1.0,54,180.003697
1.0,50,180.013108
1.0,58,180.024
1.0,54,180.03412
1.0,60,180.045382
1.0,54,180.055507
1.0,56,180.06603
1.0,60,180.077286
1.0,54,180.087414
1.0,58,180.09827
1.0,60,180.109601
1.0,60,180.121017
1.0,52,180.130797
1.0,62,180.142437
1.0,56,180.152976
1.0,54,180.163187
1.0,58,180.174086
1.0,56,180.184687
1.0,60,180.195937
1.0,54,180.206066
1.0,56,180.216649
1.0,50,180.226063
1.0,56,180.23664
1.0,54,180.246794
1.0,52,180.256536
1.0,66,180.26887
1.0,56,180.279391
1.0,62,180.291028
1.0,52,180.300814
1.0,56,180.311359
1.0,58,180.322423
1.0,54,180.332565
1.0,58,180.343449
1.0,56,180.353965
1.0,60,180.365263
1.0,54,180.37543
1.0,62,180.38707
1.0,54,180.397223
1.0,62,180.408866
1.0,54,180.419071
1.0,52,180.428853
1.0,62,180.440562
1.0,56,180.451103
1.0,56,180.461676
1.0,54,180.471812
1.0,52,180.481594
1.0,52,180.491422
1.0,58,180.502334
1.0,60,180.513706
1.0,54,180.524003
1.0,56,180.534527
1.0,54,180.544674
1.0,58,180.5556
1.0,60,180.566869
1.0,56,180.577397
1.0,62,180.589024
1.0,58,180.599926
1.0,52,180.609702
1.0,56,180.620217
1.0,54,180.630351
1.0,64,180.642352
1.0,50,180.651765
1.0,58,180.662676
1.0,56,180.673169
1.0,70,180.686314
1.0,56,180.696834
1.0,60,180.708114
1.0,58,180.719088
1.0,58,180.730076
1.0,64,180.742135
1.0,66,180.754555
1.0,64,180.76657
1.0,60,180.777851
1.0,56,180.788401
1.0,62,180.8
1.0,56,180.810527
1.0,58,180.821429
1.0,62,180.833045
1.0,52,180.842835
1.0,50,180.852221
1.0,62,180.863888
1.0,56,180.874416
1.0,58,180.885389
1.0,56,180.895895
1.0,52,180.90568
1.0,54,180.915901
1.0,74,180.929781
1.0,60,180.941298
1.0,58,180.952207
1.0,50,180.961618
1.0,52,180.971494
1.0,56,180.982022
1.0,58,180.99295
1.0,56,181.003525
1.0,58,181.014385
1.0,52,181.02414
1.0,52,181.033903
1.0,54,181.044026
1.0,58,181.054888
1.0,52,181.064643
1.0,56,181.075171
1.0,62,181.086817
1.0,52,181.096585
1.0,54,181.106772
1.0,70,181.11993
1.0,52,181.129795
1.0,56,181.140517
1.0,58,181.151426
1.0,58,181.162353
1.0,52,181.172232
1.0,56,181.182724
1.0,50,181.192204
1.0,56,181.202716
1.0,58,181.213583
1.0,54,181.223796
1.0,56,181.234282
1.0,56,181.244908
1.0,56,181.255432
1.0,64,181.267446
1.0,54,181.277658
1.0,58,181.288576
1.0,52,181.298356
1.0,56,181.308891
1.0,52,181.318695
1.0,52,181.328493
1.0,56,181.33904
1.0,58,181.35004
1.0,60,181.361286
1.0,52,181.371097
1.0,52,181.380891
1.0,60,181.392182
1.0,58,181.403057
1.0,58,181.414005
1.0,62,181.425658
1.0,58,181.43654
1.0,50,181.44602
1.0,54,181.456155
1.0,54,181.466286
1.0,60,181.477592
1.0,64,181.48956
1.0,56,181.500084
1.0,54,181.510217
1.0,60,181.521451
1.0,58,181.532318
1.0,60,181.543553
1.0,54,181.553855
1.0,54,181.564073
1.0,58,181.574958
1.0,52,181.5848
1.0,54,181.59492
1.0,60,181.606193
1.0,64,181.618322
1.0,102,181.637713
1.0,64,181.649761
1.0,54,181.659894
1.0,56,181.670462
1.0,54,181.680594
1.0,52,181.690356
1.0,50,181.699756
1.0,58,181.710646
1.0,52,181.720693
1.0,52,181.730501
1.0,54,181.740648
1.0,52,181.750493
1.0,62,181.762261
1.0,60,181.773495
1.0,68,181.786224
1.0,56,181.796746
1.0,60,181.808004
1.0,58,181.818918
1.0,50,181.82833
1.0,52,181.838085
1.0,56,181.848586
1.0,58,181.859446
1.0,56,181.869926
1.0,52,181.879693
1.0,52,181.889457
1.0,56,181.900004
1.0,58,181.910899
1.0,54,181.921026
1.0,56,181.931536
1.0,58,181.942419
1.0,54,181.952635
1.0,54,181.962928
1.0,60,181.974193
1.0,60,181.985462
1.0,54,181.995636
1.0,56,182.006172
1.0,56,182.016738
1.0,58,182.027658
1.0,62,182.039321
1.0,64,182.051361
1.0,56,182.06192
1.0,66,182.074353
1.0,52,182.084139
1.0,52,182.09392
1.0,62,182.105586
1.0,56,182.116145
1.0,62,182.127792
1.0,56,182.138349
1.0,56,182.14887
1.0,60,182.160299
1.0,60,182.171569
1.0,56,182.182091
1.0,58,182.192984
1.0,60,182.204244
1.0,62,182.215906
1.0,62,182.227633
1.0,50,182.237054
1.0,54,182.247214
1.0,64,182.259246
1.0,56,182.269787
1.0,52,182.27958
1.0,56,182.29013
1.0,54,182.300298
1.0,60,182.311591
1.0,54,182.321749
1.0,60,182.333023
1.0,54,182.343192
1.0,56,182.353746
1.0,60,182.365199
1.0,52,182.374979
1.0,64,182.387164
1.0,52,182.396947
1.0,52,182.406731
1.0,58,182.417668
1.0,70,182.430813
1.0,62,182.442412
1.0,54,182.452567
1.0,58,182.463475
1.0,52,182.473256
1.0,56,182.483771
1.0,68,182.496536
1.0,54,182.506682
1.0,58,182.517581
1.0,52,182.527377
1.0,54,182.537531
1.0,60,182.5488
1.0,56,182.559307
1.0,60,182.570719
1.0,52,182.580494
1.0,58,182.591429
1.0,52,182.601163
1.0,60,182.612434
1.0,54,182.62267
1.0,56,182.633144
1.0,56,182.643694
1.0,64,182.655686
1.0,50,182.66509
1.0,52,182.674892
1.0,54,182.685049
1.0,58,182.695997
1.0,54,182.706188
1.0,60,182.717469
1.0,52,182.727226
1.0,54,182.737393
1.0,62,182.749011
1.0,52,182.758764
1.0,52,182.768521
1.0,60,182.779876
1.0,52,182.7897
1.0,62,182.801313
1.0,56,182.81182
1.0,58,182.822692
1.0,54,182.832815
1.0,56,182.843296
1.0,54,182.853419
1.0,52,182.863165
1.0,66,182.875566
1.0,56,182.886055
1.0,58,182.896911
1.0,62,182.908532
1.0,58,182.919407
1.0,66,182.931834
1.0,62,182.943448
1.0,60,182.954674
1.0,62,182.966287
1.0,58,182.977292
1.0,64,182.989263
1.0,58,183.000114
1.0,56,183.010618
1.0,50,183.020003
1.0,58,183.030889
1.0,62,183.042485
1.0,58,183.053319
1.0,70,183.066411
1.0,58,183.077278
1.0,50,183.086651
1.0,54,183.096751
1.0,54,183.106877
1.0,66,183.119202
1.0,60,183.130459
1.0,62,183.142077
1.0,50,183.151465
1.0,54,183.161586
1.0,58,183.172467
1.0,52,183.182374
1.0,60,183.193595
1.0,60,183.204858
1.0,50,183.214257
1.0,54,183.224365
1.0,52,183.234083
1.0,52,183.243814
1.0,50,183.253178
1.0,54,183.263317
1.0,52,183.273074
1.0,58,183.283937
1.0,54,183.294045
1.0,56,183.304538
1.0,58,183.315398
1.0,56,183.325852
1.0,58,183.33672
1.0,64,183.348705
1.0,52,183.358443
1.0,54,183.368604
1.0,56,183.379098
1.0,60,183.390471
1.0,58,183.401375
1.0,56,183.411856
1.0,52,183.421621
1.0,62,183.433257
1.0,58,183.44412
1.0,58,183.45504
1.0,54,183.465145
1.0,52,183.47491
1.0,56,183.48536
1.0,56,183.495845
1.0,56,183.506333
1.0,64,183.518299
1.0,56,183.528809
1.0,58,183.53972
1.0,58,183.55059
1.0,54,183.560678
1.0,58,183.57156
1.0,60,183.582802
1.0,56,183.593432
1.0,52,183.603239
1.0,52,183.612974
1.0,54,183.623097
1.0,52,183.63284
1.0,52,183.642586
1.0,58,183.653417
1.0,54,183.663531
1.0,52,183.673273
1.0,60,183.684507
1.0,52,183.69428
1.0,58,183.70513
1.0,52,183.714854
1.0,58,183.725665
1.0,62,183.7372
1.0,60,183.748398
1.0,56,183.758888
1.0,54,183.768993
1.0,62,183.780637
1.0,54,183.790758
1.0,52,183.800588
1.0,54,183.810692
1.0,54,183.820779
1.0,60,183.832002
1.0,62,183.843591
1.0,62,183.855154
1.0,58,183.866023
1.0,50,183.875381
1.0,58,183.886224
1.0,54,183.89635
1.0,54,183.906443
1.0,56,183.916902
1.0,54,183.927007
1.0,66,183.939342
1.0,56,183.949797
1.0,56,183.960266
1.0,50,183.969634
1.0,58,183.980514
1.0,60,183.991721
1.0,54,184.001947
1.0,56,184.012419
1.0,54,184.022549
1.0,52,184.032263
1.0,60,184.043464
1.0,52,184.05317
1.0,60,184.064345
1.0,64,184.076287
1.0,60,184.087511
1.0,60,184.098708
1.0,56,184.109102
1.0,54,184.119195
1.0,56,184.129662
1.0,56,184.140115
1.0,58,184.150965
1.0,62,184.162541
1.0,58,184.17337
1.0,54,184.183461
1.0,54,184.193558
1.0,52,184.203427
1.0,60,184.214628
1.0,54,184.224696
1.0,58,184.235542
1.0,56,184.246029
1.0,54,184.256119
1.0,52,184.26594
1.0,54,184.276013
1.0,58,184.286858
1.0,52,184.296647
1.0,52,184.306374
1.0,52,184.316121
1.0,58,184.327002
1.0,54,184.337081
1.0,60,184.348274
1.0,56,184.35882
1.0,54,184.36901
1.0,56,184.379695
1.0,60,184.391031
1.0,52,184.400906
1.0,54,184.411262
1.0,54,184.421423
1.0,56,184.431938
1.0,62,184.443549
1.0,57,184.45418
1.0,60,184.465368
1.0,62,184.476941
1.0,52,184.486672
1.0,58,184.497499
1.0,56,184.507952
1.0,62,184.519516
1.0,52,184.529241
1.0,52,184.538949
1.0,60,184.550138
1.0,58,184.560976
1.0,52,184.570692
1.0,54,184.58079
1.0,50,184.590123
1.0,62,184.601693
1.0,54,184.61199
1.0,52,184.62169
1.0,56,184.632143
1.0,72,184.645571
1.0,60,184.656802
1.0,54,184.666911
1.0,70,184.679942
1.0,54,184.690058
1.0,58,184.700925
1.0,58,184.711761
1.0,182,184.745966
1.0,56,184.756431
1.0,68,184.76912
1.0,58,184.780023
1.0,54,184.790136
1.0,66,184.802415
1.0,58,184.813477
1.0,58,184.824288
1.0,64,184.83625
1.0,54,184.846355
1.0,56,184.856829
1.0,70,184.869858
1.0,50,184.879235
1.0,56,184.889688
1.0,58,184.900588
1.0,56,184.91105
1.0,56,184.921544
1.0,60,184.932757
1.0,58,184.943574
1.0,58,184.954389
1.0,58,184.965221
1.0,52,184.974959
1.0,58,184.985803
1.0,72,184.999273
1.0,54,185.009359
1.0,56,185.019965
1.0,50,185.029317
1.0,56,185.039826
1.0,54,185.049926
1.0,56,185.06039
1.0,62,185.071965
1.0,52,185.081705
1.0,50,185.091068
1.0,60,185.10231
1.0,54,185.112432
1.0,52,185.122186
1.0,58,185.133033
1.0,56,185.143512
1.0,58,185.154344
1.0,60,185.165547
1.0,58,185.176415
1.0,60,185.187639
1.0,58,185.198516
1.0,56,185.208976
1.0,54,185.219183
1.0,58,185.230065
1.0,58,185.24092
1.0,64,185.252915
1.0,52,185.262666
1.0,54,185.272789
1.0,64,185.284739
1.0,52,185.294503
1.0,54,185.304592
1.0,58,185.315443
1.0,62,185.327038
1.0,58,185.337881
1.0,56,185.348354
1.0,60,185.359563
1.0,54,185.369671
1.0,52,185.379434
1.0,56,185.3899
1.0,54,185.40002
1.0,56,185.410537
1.0,60,185.421751
1.0,62,185.433482
1.0,52,185.443218
1.0,58,185.454062
1.0,58,185.464918
1.0,54,185.475045
1.0,64,185.487002
1.0,54,185.497097
1.0,56,185.50758
1.0,60,185.518798
1.0,60,185.530022
1.0,64,185.542106
1.0,54,185.552208
1.0,58,185.56315
1.0,62,185.574751
1.0,52,185.58448
1.0,58,185.595324
1.0,58,185.606197
1.0,68,185.618955
1.0,54,185.629212
1.0,60,185.640424
1.0,56,185.650949
1.0,50,185.660309
1.0,60,185.67154
1.0,54,185.681631
1.0,54,185.691718
1.0,54,185.701799
1.0,58,185.71264
1.0,54,185.722773
1.0,58,185.733617
1.0,52,185.743328
1.0,64,185.755284
1.0,66,185.767555
1.0,52,185.777287
1.0,52,185.786983
1.0,56,185.797438
1.0,56,185.807886
1.0,56,185.818344
1.0,54,185.82844
1.0,56,185.839135
1.0,56,185.849582
1.0,56,185.86003
1.0,50,185.869452
1.0,61,185.880837
1.0,56,185.891325
1.0,60,185.90253
1.0,56,185.912982
1.0,58,185.923781
1.0,54,185.933877
1.0,54,185.943959
1.0,58,185.954773
1.0,66,185.967086
1.0,54,185.977174
1.0,52,185.986895
1.0,56,185.997345
1.0,66,186.009748
1.0,62,186.02135
1.0,58,186.032206
1.0,54,186.042456
1.0,60,186.053694
1.0,60,186.064904
1.0,64,186.076839
1.0,52,186.08656
1.0,58,186.097394
1.0,56,186.107862
1.0,56,186.118356
1.0,56,186.128815
1.0,58,186.139733
1.0,56,186.150232
1.0,56,186.160684
1.0,62,186.172283
1.0,64,186.18424
1.0,58,186.195097
1.0,58,186.205934
1.0,54,186.216037
1.0,56,186.226501
1.0,66,186.238842
1.0,54,186.24906
1.0,54,186.259189
1.0,56,186.269675
1.0,66,186.281965
1.0,78,186.296517
1.0,52,186.306244
1.0,58,186.317079
1.0,52,186.326823
1.0,66,186.339113
1.0,58,186.349945
1.0,68,186.362644
1.0,58,186.373472
1.0,58,186.38428
1.0,56,186.394746
1.0,59,186.405817
1.0,58,186.416692
1.0,66,186.428998
1.0,64,186.440994
1.0,60,186.452439
1.0,54,186.462523
1.0,60,186.473716
1.0,68,186.486467
1.0,54,186.496584
1.0,56,186.507084
1.0,52,186.516812
1.0,62,186.5284
1.0,56,186.538909
1.0,56,186.549367
1.0,62,186.560975
1.0,72,186.574526
1.0,58,186.585369
1.0,52,186.595152
1.0,58,186.605999
1.0,54,186.616068
1.0,56,186.626577
1.0,60,186.637778
1.0,60,186.648977
1.0,52,186.658835
1.0,64,186.670759
1.0,54,186.680857
1.0,50,186.690216
1.0,54,186.700331
1.0,56,186.710804
1.0,58,186.721658
1.0,58,186.73253
1.0,50,186.741864
1.0,58,186.752684
1.0,58,186.763536
1.0,54,186.773596
1.0,56,186.784039
1.0,56,186.794554
1.0,52,186.80427
1.0,64,186.816194
1.0,70,186.829236
1.0,56,186.839701
1.0,62,186.851256
1.0,56,186.861815
1.0,54,186.871889
1.0,54,186.881988
1.0,68,186.894672
1.0,68,186.907449
1.0,56,186.917917
1.0,56,186.928381
1.0,52,186.93808
1.0,54,186.948152
1.0,54,186.958267
1.0,54,186.968341
1.0,60,186.979541
1.0,56,186.990069
1.0,62,187.001656
1.0,64,187.013736
1.0,64,187.025648
1.0,56,187.036117
1.0,54,187.046258
1.0,54,187.056356
1.0,54,187.066625
1.0,56,187.077104
1.0,64,187.089032
1.0,62,187.100595
1.0,56,187.111068
1.0,52,187.120779
1.0,58,187.131679
1.0,58,187.142522
1.0,64,187.154418
1.0,60,187.165649
1.0,60,187.17685
1.0,58,187.187746
1.0,54,187.197848
1.0,58,187.208699
1.0,52,187.218404
1.0,62,187.229969
1.0,58,187.240769
1.0,60,187.252063
1.0,62,187.263781
1.0,56,187.274315
1.0,56,187.284764
1.0,56,187.295233
1.0,60,187.306418
1.0,60,187.317621
1.0,56,187.32807
1.0,52,187.337781
1.0,62,187.349371
1.0,58,187.36018
1.0,56,187.370629
1.0,52,187.380414
1.0,62,187.391965
1.0,56,187.402398
1.0,52,187.412317
1.0,50,187.42167
1.0,52,187.431408
1.0,62,187.443037
1.0,54,187.453096
1.0,62,187.46461
1.0,58,187.475541
1.0,64,187.487448
1.0,52,187.497142
1.0,56,187.507553
1.0,58,187.518361
1.0,56,187.528836
1.0,58,187.539736
1.0,54,187.5499
1.0,56,187.560366
1.0,60,187.571613
1.0,62,187.58317
1.0,52,187.592863
1.0,62,187.604483
1.0,56,187.614941
1.0,62,187.626483
1.0,52,187.636207
1.0,56,187.646682
1.0,56,187.657156
1.0,54,187.667236
1.0,52,187.677058
1.0,56,187.687491
1.0,56,187.69794
1.0,56,187.708386
1.0,66,187.720689
1.0,54,187.730776
1.0,62,187.742381
1.0,62,187.753953
1.0,56,187.764384
1.0,58,187.775192
1.0,54,187.785324
1.0,58,187.796136
1.0,58,187.806949
1.0,56,187.8174
1.0,58,187.828204
1.0,58,187.839015
1.0,58,187.849801
1.0,62,187.861348
1.0,66,187.873651
1.0,52,187.883499
1.0,56,187.893939
1.0,58,187.904722
1.0,62,187.916283
1.0,68,187.92891
1.0,58,187.939811
1.0,62,187.951375
1.0,54,187.961444
1.0,64,187.973423
1.0,54,187.983514
1.0,54,187.993571
1.0,58,188.004536
1.0,64,188.016478
1.0,56,188.027041
1.0,62,188.038603
1.0,56,188.049074
1.0,54,188.059151
1.0,64,188.071052
1.0,66,188.083442
1.0,50,188.092767
1.0,54,188.102864
1.0,66,188.115178
1.0,54,188.12524
1.0,52,188.135
1.0,58,188.145823
1.0,56,188.156287
1.0,54,188.166326
1.0,58,188.177126
1.0,56,188.187554
1.0,54,188.19759
1.0,54,188.207668
1.0,52,188.217375
1.0,58,188.228191
1.0,58,188.238999
1.0,66,188.251303
1.0,50,188.260623
1.0,56,188.271058
1.0,56,188.281479
1.0,64,188.293479
1.0,58,188.304265
1.0,70,188.317353
1.0,58,188.328175
1.0,58,188.33897
1.0,54,188.349042
1.0,58,188.359888
1.0,60,188.371081
1.0,58,188.38188
1.0,58,188.392686
1.0,52,188.402407
1.0,56,188.412866
1.0,58,188.423713
1.0,60,188.434882
1.0,56,188.445298
1.0,52,188.45498
1.0,58,188.465773
1.0,54,188.475811
1.0,52,188.485501
1.0,62,188.497161
1.0,64,188.509044
1.0,68,188.521693
1.0,62,188.533206
1.0,56,188.543657
1.0,56,188.554079
1.0,56,188.564521
1.0,56,188.574948
1.0,58,188.58578
1.0,54,188.595873
1.0,58,188.606701
1.0,70,188.619729
1.0,54,188.629806
1.0,54,188.639892
1.0,58,188.650689
1.0,56,188.661108
1.0,64,188.673016
1.0,54,188.68308
1.0,68,188.695848
1.0,54,188.705912
1.0,60,188.717057
1.0,58,188.72786
1.0,56,188.738276
1.0,54,188.748323
1.0,64,188.760195
1.0,54,188.770251
1.0,56,188.780681
1.0,58,188.791483
1.0,56,188.801897
1.0,58,188.812704
1.0,54,188.822783
1.0,62,188.834338
1.0,52,188.844035
1.0,52,188.853714
1.0,58,188.86451
1.0,56,188.874928
1.0,56,188.885358
1.0,52,188.89513
1.0,62,188.906707
1.0,56,188.917121
1.0,54,188.927156
1.0,52,188.936857
1.0,58,188.947634
1.0,54,188.957706
1.0,54,188.967786
1.0,54,188.977867
1.0,52,188.987549
1.0,66,188.999826
1.0,54,189.009894
1.0,56,189.020318
1.0,62,189.03185
1.0,54,189.041915
1.0,62,189.053429
1.0,58,189.064221
1.0,60,189.075396
1.0,54,189.08545
1.0,68,189.098104
1.0,58,189.109043
1.0,62,189.120567
1.0,54,189.130652
1.0,56,189.141062
1.0,56,189.151496
1.0,54,189.16155
1.0,54,189.171602
1.0,60,189.182793
1.0,58,189.193596
1.0,54,189.203655
1.0,56,189.214086
1.0,52,189.223795
1.0,62,189.235328
1.0,52,189.24506
1.0,52,189.254846
1.0,54,189.26493
1.0,54,189.275011
1.0,60,189.28622
1.0,52,189.296001
1.0,54,189.306302
1.0,56,189.316812
1.0,58,189.32768
1.0,62,189.339243
1.0,60,189.350481
1.0,58,189.361307
1.0,56,189.371752
1.0,52,189.381469
1.0,54,189.391545
1.0,54,189.401631
1.0,62,189.413233
1.0,60,189.424383
1.0,66,189.436689
1.0,54,189.446766
1.0,56,189.457226
1.0,64,189.46912
1.0,58,189.47995
1.0,60,189.491102
1.0,58,189.501907
1.0,56,189.512508
1.0,64,189.524395
1.0,52,189.534095
1.0,50,189.543435
1.0,60,189.554601
1.0,56,189.565032
1.0,50,189.574382
1.0,62,189.586014
1.0,58,189.596864
1.0,56,189.60732
1.0,54,189.617461
1.0,62,189.629033
1.0,72,189.642401
1.0,58,189.653232
1.0,64,189.665162
1.0,56,189.675613
1.0,58,189.686435
1.0,50,189.695786
1.0,58,189.706599
1.0,64,189.718653
1.0,56,189.729085
1.0,58,189.739867
1.0,54,189.749922
1.0,54,189.759991
1.0,64,189.771932
1.0,58,189.782765
1.0,56,189.793212
1.0,58,189.804005
1.0,60,189.815198
1.0,54,189.825276
1.0,58,189.836173
1.0,56,189.846734
1.0,54,189.856877
1.0,54,189.866999
1.0,70,189.880148
1.0,54,189.890237
1.0,54,189.900458
1.0,50,189.909781
1.0,56,189.92034
1.0,56,189.930856
1.0,56,189.941276
1.0,56,189.951683
1.0,64,189.963597
1.0,54,189.973671
1.0,56,189.984091
1.0,62,189.995642
1.0,60,190.006815
1.0,52,190.016538
1.0,54,190.026615
1.0,60,190.037815
1.0,54,190.047912
1.0,56,190.058382
1.0,56,190.068835
1.0,56,190.079292
1.0,64,190.091202
1.0,52,190.100915
1.0,58,190.111747
1.0,54,190.121952
1.0,60,190.133121
1.0,58,190.143941
1.0,58,190.154785
1.0,60,190.165988
1.0,66,190.178269
1.0,52,190.188058
1.0,54,190.198184
1.0,52,190.208005
1.0,64,190.219923
1.0,52,190.229629
1.0,58,190.24046
1.0,52,190.250159
1.0,54,190.260222
1.0,56,190.270667
1.0,64,190.282629
1.0,54,190.292684
1.0,60,190.303856
1.0,58,190.314645
1.0,54,190.324841
1.0,52,190.334556
1.0,56,190.344949
1.0,54,190.355028
1.0,58,190.365837
1.0,58,190.376646
1.0,50,190.385961
1.0,60,190.397117
1.0,54,190.407187
1.0,64,190.419108
1.0,62,190.430636
1.0,52,190.44033
1.0,54,190.450371
1.0,52,190.460085
1.0,50,190.469408
1.0,56,190.479851
1.0,50,190.489209
1.0,54,190.499286
1.0,54,190.509364
1.0,56,190.519847
1.0,52,190.529724
1.0,54,190.539892
1.0,64,190.551859
1.0,58,190.562775
1.0,56,190.573332
1.0,60,190.584592
1.0,54,190.594718
1.0,58,190.605592
1.0,52,190.615359
1.0,54,190.625506
1.0,58,190.636365
1.0,50,190.645758
1.0,62,190.657374
1.0,56,190.667902
1.0,58,190.678798
1.0,62,190.690382
1.0,56,190.700868
1.0,56,190.711311
1.0,58,190.722153
1.0,62,190.73387
1.0,62,190.74542
1.0,56,190.75588
1.0,62,190.767445
1.0,64,190.779343
1.0,64,190.791265
1.0,54,190.801371
1.0,56,190.811839
1.0,54,190.821996
1.0,54,190.832116
1.0,64,190.844049
1.0,58,190.854866
1.0,56,190.865322
1.0,56,190.87577
1.0,56,190.886196
1.0,62,190.897792
1.0,52,190.907537
1.0,56,190.917988
1.0,62,190.929626
1.0,54,190.93989
1.0,58,190.950767
1.0,52,190.960506
1.0,54,190.970597
1.0,50,190.979975
1.0,58,190.990861
1.0,56,191.001368
1.0,64,191.0133
1.0,62,191.024884
1.0,56,191.035368
1.0,66,191.047673
1.0,58,191.058515
1.0,50,191.067851
1.0,52,191.07754
1.0,54,191.08762
1.0,52,191.097356
1.0,56,191.107814
1.0,60,191.118987
1.0,54,191.12906
1.0,52,191.138787
1.0,58,191.149764
1.0,52,191.159481
1.0,58,191.170326
1.0,54,191.18042
1.0,60,191.191627
1.0,54,191.201728
1.0,62,191.213258
1.0,52,191.222976
1.0,56,191.233441
1.0,54,191.243513
1.0,52,191.253206
1.0,58,191.264063
1.0,54,191.274114
1.0,58,191.284981
1.0,56,191.295444
1.0,54,191.305547
1.0,52,191.315264
1.0,64,191.327247
1.0,64,191.339215
1.0,60,191.350565
1.0,58,191.361427
1.0,58,191.372287
1.0,60,191.383514
1.0,64,191.395473
1.0,52,191.405165
1.0,58,191.416046
1.0,70,191.429104
1.0,58,191.439936
1.0,58,191.450777
1.0,62,191.462358
1.0,64,191.474301
1.0,58,191.485124
1.0,62,191.496694
1.0,58,191.507511
1.0,54,191.517634
1.0,52,191.527353
1.0,70,191.540372
1.0,54,191.550618
1.0,56,191.561069
1.0,68,191.573733
1.0,56,191.584206
1.0,56,191.594692
1.0,58,191.605542
1.0,58,191.616385
1.0,60,191.627601
1.0,54,191.637727
1.0,52,191.647474
1.0,50,191.656865
1.0,52,191.666635
1.0,64,191.678569
1.0,52,191.6883
1.0,58,191.699127
1.0,56,191.709574
1.0,56,191.720012
1.0,60,191.731159
1.0,64,191.743209
1.0,60,191.75453
1.0,60,191.765721
1.0,54,191.775819
1.0,54,191.785886
1.0,62,191.797476
1.0,62,191.80903
1.0,50,191.818356
1.0,56,191.828784
1.0,58,191.839613
1.0,66,191.851922
1.0,54,191.862009
1.0,50,191.871341
1.0,56,191.881772
1.0,60,191.892997
1.0,54,191.903076
1.0,64,191.915037
1.0,56,191.92547
1.0,58,191.936276
1.0,52,191.945972
1.0,54,191.956216
1.0,62,191.967776
1.0,54,191.977846
1.0,60,191.989058
1.0,52,191.998802
1.0,56,192.009245
1.0,60,192.020455
1.0,52,192.030183
1.0,54,192.040303
1.0,56,192.050753
1.0,58,192.061549
1.0,54,192.071647
1.0,54,192.081726
1.0,62,192.093274
1.0,62,192.104818
1.0,50,192.114164
1.0,60,192.125384
1.0,54,192.135527
1.0,56,192.146
1.0,54,192.156083
1.0,56,192.166683
1.0,58,192.177491
1.0,54,192.187595
1.0,54,192.197734
1.0,58,192.208548
1.0,58,192.219405
1.0,60,192.230562
1.0,52,192.240301
1.0,54,192.250393
1.0,52,192.260117
1.0,58,192.270959
1.0,54,192.281075
1.0,58,192.291882
1.0,60,192.303108
1.0,56,192.313577
1.0,54,192.323673
1.0,58,192.334507
1.0,56,192.344976
1.0,56,192.355453
1.0,62,192.367212
1.0,60,192.378404
1.0,60,192.38957
1.0,56,192.400064
1.0,54,192.410165
1.0,58,192.421002
1.0,60,192.432208
1.0,56,192.442653
1.0,56,192.45309
1.0,52,192.46444
1.0,56,192.47493
1.0,54,192.485004
1.0,62,192.496592
1.0,58,192.507415
1.0,60,192.518642
1.0,54,192.528728
1.0,54,192.538824
1.0,60,192.55002
1.0,62,192.56158
1.0,54,192.571792
1.0,72,192.585175
1.0,56,192.595622
1.0,64,192.607549
1.0,54,192.617635
1.0,56,192.628092
1.0,56,192.638556
1.0,58,192.649369
1.0,54,192.659467
1.0,58,192.670308
1.0,58,192.68119
1.0,60,192.692406
1.0,54,192.702549
1.0,60,192.713777
1.0,60,192.725005
1.0,62,192.7366
1.0,62,192.748202
1.0,56,192.75867
1.0,54,192.768775
1.0,60,192.780122
1.0,62,192.791725
1.0,52,192.801475
1.0,54,192.811579
1.0,52,192.821278
1.0,58,192.832097
1.0,54,192.842177
1.0,60,192.853396
1.0,58,192.864259
1.0,58,192.875144
1.0,60,192.886329
1.0,60,192.89752
1.0,60,192.908757
1.0,62,192.92062
1.0,58,192.931453
1.0,52,192.941195
1.0,62,192.952765
1.0,56,192.96322
1.0,54,192.973302
1.0,56,192.98388
1.0,54,192.99399
1.0,54,193.004098
1.0,56,193.014561
1.0,54,193.024648
1.0,50,193.034012
1.0,50,193.043382
1.0,58,193.054211
1.0,68,193.0669
1.0,56,193.077324
1.0,54,193.087416
1.0,60,193.09862
1.0,54,193.108706
1.0,54,193.118789
1.0,56,193.129238
1.0,58,193.140054
1.0,60,193.151247
1.0,54,193.161318
1.0,60,193.172526
1.0,54,193.182728
1.0,56,193.193176
1.0,56,193.203642
1.0,52,193.213339
1.0,58,193.224178
1.0,54,193.234246
1.0,54,193.244314
1.0,52,193.254043
1.0,52,193.263769
1.0,52,193.273491
1.0,58,193.284307
1.0,58,193.295128
1.0,56,193.305567
1.0,56,193.316009
1.0,54,193.326091
1.0,52,193.33578
1.0,56,193.34623
1.0,52,193.355932
1.0,58,193.366784
1.0,60,193.377985
1.0,64,193.390086
1.0,56,193.400572
1.0,56,193.411062
1.0,52,193.420779
1.0,64,193.432716
1.0,54,193.442799
1.0,56,193.45326
1.0,56,193.463715
1.0,58,193.474561
1.0,62,193.486158
1.0,64,193.49807
1.0,58,193.508909
1.0,58,193.519729
1.0,58,193.530576
1.0,52,193.540308
1.0,58,193.551129
1.0,56,193.561575
1.0,54,193.571643
1.0,56,193.582085
1.0,56,193.592666
1.0,54,193.602745
1.0,54,193.612928
1.0,52,193.622664
1.0,56,193.633126
1.0,54,193.643207
1.0,50,193.652551
1.0,54,193.662625
1.0,58,193.673479
1.0,52,193.683235
1.0,62,193.694803
1.0,52,193.704552
1.0,58,193.715407
1.0,54,193.725499
1.0,60,193.736712
1.0,50,193.746068
1.0,56,193.756527
1.0,62,193.768112
1.0,54,193.778203
1.0,60,193.789445
1.0,52,193.799336
1.0,54,193.809461
1.0,60,193.820674
1.0,56,193.831117
1.0,54,193.841225
1.0,62,193.852807
1.0,56,193.863256
1.0,54,193.873335
1.0,50,193.882719
1.0,58,193.893532
1.0,54,193.903633
1.0,56,193.91409
1.0,54,193.924214
1.0,62,193.935844
1.0,58,193.946665
1.0,54,193.95673
1.0,58,193.967525
1.0,56,193.978021
1.0,58,193.98891
1.0,58,193.999864
1.0,64,194.011769
1.0,68,194.024418
1.0,64,194.036349
1.0,54,194.046491
1.0,52,194.056188
1.0,64,194.068104
1.0,54,194.078178
1.0,58,194.088974
1.0,54,194.099094
1.0,58,194.109912
1.0,58,194.120711
1.0,58,194.131515
1.0,54,194.141627
1.0,54,194.151727
1.0,62,194.163345
1.0,60,194.174526
1.0,58,194.18534
1.0,62,194.196879
1.0,56,194.207455
1.0,64,194.219435
1.0,58,194.230278
1.0,60,194.241445
1.0,54,194.251609
1.0,62,194.263163
1.0,54,194.273302
1.0,60,194.284492
1.0,58,194.295314
1.0,60,194.30649
1.0,52,194.316205
1.0,58,194.32708
1.0,60,194.338268
1.0,54,194.348362
1.0,62,194.359934
1.0,58,194.37078
1.0,58,194.381661
1.0,62,194.393218
1.0,52,194.402975
1.0,60,194.414253
1.0,62,194.425829
1.0,60,194.437093
1.0,56,194.447545
1.0,62,194.459057
1.0,62,194.470603
1.0,62,194.482127
1.0,56,194.492651
1.0,58,194.503474
1.0,54,194.513567
1.0,52,194.523293
1.0,52,194.533019
1.0,58,194.543834
1.0,56,194.554315
1.0,52,194.564025
1.0,56,194.574467
1.0,64,194.58637
1.0,54,194.596501
1.0,56,194.607013
1.0,54,194.617231
1.0,60,194.62851
1.0,62,194.640111
1.0,56,194.650573
1.0,58,194.661466
1.0,60,194.672657
1.0,58,194.68348
1.0,60,194.694681
1.0,52,194.704369
1.0,60,194.715583
1.0,56,194.726046
1.0,52,194.735742
1.0,60,194.746895
1.0,56,194.757328
1.0,62,194.768868
1.0,58,194.779731
1.0,62,194.791288
1.0,62,194.802838
1.0,58,194.813646
1.0,60,194.824959
1.0,54,194.835098
1.0,56,194.845514
1.0,60,194.856671
1.0,58,194.867482
1.0,52,194.877188
1.0,52,194.88696
1.0,54,194.897025
1.0,58,194.907847
1.0,56,194.918281
1.0,52,194.927977
1.0,60,194.939183
1.0,62,194.950804
1.0,58,194.961613
1.0,54,194.971683
1.0,60,194.98289
1.0,54,194.993001
1.0,52,195.002731
1.0,56,195.013206
1.0,58,195.024198
1.0,58,195.035053
1.0,58,195.045933
1.0,58,195.056819
1.0,54,195.066947
1.0,56,195.077429
1.0,60,195.088657
1.0,50,195.09804
1.0,56,195.108571
1.0,56,195.119057
1.0,54,195.129195
1.0,60,195.140397
1.0,60,195.151624
1.0,58,195.162485
1.0,50,195.171898
1.0,50,195.18127
1.0,60,195.192501
1.0,56,195.202987
1.0,60,195.214196
1.0,60,195.225442
1.0,58,195.236477
1.0,56,195.246961
1.0,64,195.25893
1.0,56,195.269461
1.0,54,195.279576
1.0,54,195.28972
1.0,52,195.299477
1.0,62,195.311114
1.0,54,195.321292
1.0,56,195.33182
1.0,60,195.343104
1.0,54,195.353217
1.0,64,195.365274
1.0,58,195.376149
1.0,56,195.386669
1.0,64,195.398689
1.0,58,195.40961
1.0,56,195.420187
1.0,56,195.430773
1.0,58,195.441721
1.0,54,195.451833
1.0,58,195.462776
1.0,54,195.472909
1.0,54,195.483142
1.0,56,195.493674
1.0,58,195.504579
1.0,54,195.514679
1.0,58,195.525556
1.0,52,195.535302
1.0,62,195.546865
1.0,56,195.557406
1.0,54,195.567503
1.0,54,195.577607
1.0,58,195.588408
1.0,56,195.598886
1.0,54,195.608982
1.0,60,195.62025
1.0,52,195.629969
1.0,52,195.639868
1.0,56,195.650351
1.0,58,195.661242
1.0,60,195.672471
1.0,56,195.682962
1.0,58,195.693784
1.0,68,195.706434
1.0,52,195.716167
1.0,58,195.727007
1.0,58,195.73784
1.0,52,195.747546
1.0,60,195.758714
1.0,54,195.76879
1.0,56,195.779234
1.0,58,195.79008
1.0,60,195.801312
1.0,60,195.812535
1.0,54,195.82262
1.0,50,195.831986
1.0,60,195.843236
1.0,58,195.854137
1.0,52,195.863899
1.0,58,195.874772
1.0,60,195.886008
1.0,54,195.896101
1.0,52,195.905813
1.0,56,195.916297
1.0,52,195.926011
1.0,52,195.935728
1.0,58,195.946562
1.0,52,195.956276
1.0,54,195.966394
1.0,56,195.976902
1.0,60,195.988089
1.0,58,195.998907
1.0,58,196.009743
1.0,56,196.020231
1.0,52,196.029979
1.0,56,196.040488
1.0,60,196.051854
1.0,62,196.063438
1.0,54,196.073539
1.0,58,196.084379
1.0,56,196.09486
1.0,56,196.105328
1.0,58,196.116174
1.0,68,196.128859
1.0,56,196.139354
1.0,52,196.149062
1.0,60,196.160276
1.0,58,196.171126
1.0,64,196.183052
1.0,56,196.193505
1.0,56,196.203977
1.0,58,196.214859
1.0,60,196.226133
1.0,62,196.237797
1.0,62,196.249437
1.0,56,196.260062
1.0,52,196.269802
1.0,52,196.279563
1.0,60,196.290856
1.0,66,196.303204
1.0,58,196.314035
1.0,54,196.324157
1.0,56,196.334613
1.0,54,196.344702
1.0,66,196.357013
1.0,52,196.366745
1.0,54,196.376845
1.0,54,196.386939
1.0,58,196.397793
1.0,52,196.407493
1.0,56,196.417964
1.0,54,196.428067
1.0,54,196.438179
1.0,54,196.448302
1.0,60,196.459636
1.0,52,196.469357
1.0,56,196.479807
1.0,64,196.491726
1.0,54,196.501823
1.0,56,196.512305
1.0,58,196.523165
1.0,56,196.533653
1.0,56,196.544083
1.0,60,196.555298
1.0,52,196.565015
1.0,54,196.575154
1.0,50,196.584501
1.0,60,196.595745
1.0,56,196.60625
1.0,52,196.616012
1.0,56,196.62649
1.0,58,196.637337
1.0,52,196.647059
1.0,52,196.656801
1.0,56,196.667421
1.0,56,196.67791
1.0,56,196.688376
1.0,56,196.698861
1.0,56,196.709325
1.0,64,196.721279
1.0,56,196.731761
1.0,60,196.742996
1.0,54,196.753103
1.0,54,196.763198
1.0,56,196.773678
1.0,54,196.783781
1.0,62,196.795359
1.0,58,196.806187
1.0,54,196.816284
1.0,64,196.828232
1.0,56,196.838695
1.0,52,196.848407
1.0,54,196.858487
1.0,58,196.869459
1.0,52,196.879178
1.0,52,196.888892
1.0,54,196.898973
1.0,56,196.90946
1.0,56,196.919963
1.0,58,196.930814
1.0,52,196.940556
1.0,56,196.951019
1.0,62,196.962601
1.0,64,196.974526
1.0,56,196.985005
1.0,58,196.99583
1.0,54,197.005963
1.0,54,197.016072
1.0,64,197.028018
1.0,58,197.038837
1.0,52,197.048568
1.0,58,197.059418
1.0,52,197.069265
1.0,56,197.079696
1.0,60,197.090874
1.0,56,197.101313
1.0,56,197.111783
1.0,66,197.124077
1.0,52,197.13377
1.0,56,197.144271
1.0,58,197.155092
1.0,54,197.165182
1.0,58,197.175999
1.0,56,197.186427
1.0,60,197.197606
1.0,64,197.209513
1.0,58,197.22033
1.0,68,197.232975
1.0,52,197.242694
1.0,52,197.252415
1.0,52,197.262128
1.0,56,197.272734
1.0,62,197.284314
1.0,56,197.29478
1.0,54,197.304872
1.0,60,197.316061
1.0,62,197.327619
1.0,54,197.337699
1.0,54,197.347798
1.0,56,197.358363
1.0,58,197.369205
1.0,64,197.381115
1.0,52,197.390878
1.0,54,197.400983
1.0,58,197.411815
1.0,56,197.422243
1.0,62,197.4338
1.0,52,197.443509
1.0,52,197.453238
1.0,58,197.46406
1.0,62,197.475771
1.0,58,197.486644
1.0,58,197.497491
1.0,56,197.507967
1.0,56,197.518443
1.0,56,197.528925
1.0,62,197.540781
1.0,54,197.550884
1.0,58,197.561693
1.0,58,197.572525
1.0,60,197.585444
1.0,62,197.597023
1.0,60,197.608201
1.0,60,197.619351
1.0,54,197.629434
1.0,62,197.641008
1.0,56,197.651463
1.0,56,197.661899
1.0,58,197.672703
1.0,64,197.68475
1.0,60,197.695933
1.0,54,197.705991
1.0,60,197.717198
1.0,56,197.727643
1.0,62,197.739185
1.0,56,197.749578
1.0,64,197.761483
1.0,62,197.772997
1.0,56,197.783437
1.0,70,197.796427
1.0,64,197.808357
1.0,56,197.818792
1.0,52,197.828477
1.0,52,197.838187
1.0,56,197.848636
1.0,56,197.859073
1.0,58,197.869906
1.0,60,197.881107
1.0,56,197.891724
1.0,56,197.902183
1.0,58,197.913062
1.0,62,197.924624
1.0,54,197.934721
1.0,56,197.945143
1.0,62,197.956682
1.0,68,197.969388
1.0,58,197.980212
1.0,60,197.991408
1.0,54,198.001474
1.0,58,198.012303
1.0,56,198.022752
1.0,62,198.034304
1.0,54,198.044379
1.0,58,198.055176
1.0,52,198.064887
1.0,58,198.075746
1.0,54,198.085823
1.0,54,198.096059
1.0,56,198.106513
1.0,58,198.117305
1.0,62,198.128856
1.0,52,198.138561
1.0,52,198.148275
1.0,54,198.158353
1.0,64,198.170285
1.0,58,198.181096
1.0,54,198.191173
1.0,56,198.201607
1.0,58,198.212425
1.0,58,198.223252
1.0,58,198.234056
1.0,68,198.246717
1.0,58,198.257527
1.0,54,198.26759
1.0,66,198.279878
1.0,56,198.290324
1.0,68,198.303136
1.0,66,198.31546
1.0,58,198.326299
1.0,52,198.336024
1.0,50,198.345371
1.0,60,198.356612
1.0,56,198.36708
1.0,54,198.377191
1.0,56,198.387651
1.0,56,198.398151
1.0,58,198.409002
1.0,60,198.420223
1.0,52,198.429935
1.0,56,198.440389
1.0,62,198.451973
1.0,64,198.463905
1.0,60,198.475108
1.0,58,198.485965
1.0,54,198.49619
1.0,62,198.507734
1.0,62,198.519325
1.0,56,198.529775
1.0,58,198.540642
1.0,60,198.551834
1.0,60,198.563028
1.0,60,198.574239
1.0,50,198.583652
1.0,66,198.59603
1.0,56,198.606509
1.0,60,198.617663
1.0,56,198.628115
1.0,56,198.638557
1.0,58,198.649375
1.0,60,198.660526
1.0,66,198.672837
1.0,66,198.685132
1.0,56,198.695621
1.0,54,198.705832
1.0,58,198.716641
1.0,52,198.726347
1.0,56,198.736791
1.0,58,198.747619
1.0,52,198.757394
1.0,52,198.767114
1.0,58,198.777905
1.0,54,198.788003
1.0,58,198.798802
1.0,58,198.809699
1.0,60,198.82089
1.0,58,198.831727
1.0,66,198.844043
1.0,56,198.854479
1.0,62,198.866009
1.0,64,198.877956
1.0,60,198.889137
1.0,54,198.899202
1.0,62,198.910885
1.0,52,198.920584
1.0,58,198.931409
1.0,60,198.942573
1.0,52,198.952266
1.0,56,198.962698
1.0,60,198.973868
1.0,58,198.984677
1.0,60,198.995876
1.0,56,199.006294
1.0,60,199.017433
1.0,60,199.02863
1.0,58,199.039454
1.0,62,199.050982
1.0,56,199.061406
1.0,50,199.070762
1.0,54,199.080838
1.0,52,199.090622
1.0,52,199.100339
1.0,56,199.110918
1.0,62,199.122477
1.0,60,199.133672
1.0,54,199.143833
1.0,68,199.156483
1.0,58,199.167305
1.0,50,199.176642
1.0,56,199.187069
1.0,56,199.197518
1.0,58,199.208354
1.0,58,199.219172
1.0,58,199.230106
1.0,64,199.242031
1.0,58,199.252887
1.0,54,199.263019
1.0,68,199.275657
1.0,52,199.285367
1.0,56,199.295809
1.0,56,199.306272
1.0,58,199.317228
1.0,58,199.328073
1.0,54,199.33814
1.0,56,199.348612
1.0,58,199.359448
1.0,62,199.37103
1.0,60,199.38222
1.0,70,199.395269
1.0,62,199.40685
1.0,54,199.416938
1.0,60,199.428143
1.0,54,199.438231
1.0,60,199.449434
1.0,64,199.461366
1.0,52,199.471083
1.0,56,199.481523
1.0,58,199.492373
1.0,54,199.502463
1.0,58,199.513284
1.0,64,199.525355
1.0,62,199.536932
1.0,62,199.548532
1.0,54,199.558657
1.0,56,199.569102
1.0,62,199.580654
1.0,56,199.591154
1.0,60,199.602392
1.0,52,199.61215
1.0,52,199.621872
1.0,64,199.633811
1.0,70,199.646847
1.0,56,199.657287
1.0,58,199.668093
1.0,56,199.678564
1.0,58,199.689382
1.0,58,199.700199
1.0,62,199.711836
1.0,62,199.723562
1.0,60,199.734792
1.0,60,199.745976
1.0,58,199.756865
1.0,58,199.767692
1.0,60,199.778894
1.0,58,199.789741
1.0,52,199.799459
1.0,54,199.809552
1.0,66,199.82185
1.0,54,199.831929
1.0,50,199.841266
1.0,54,199.851353
1.0,52,199.861058
1.0,56,199.8715
1.0,56,199.881962
1.0,56,199.892394
1.0,56,199.902838
1.0,54,199.91292
1.0,56,199.923494
1.0,68,199.936188
1.0,54,199.946302
1.0,58,199.957154
1.0,50,199.966534
1.0,52,199.976254
1.0,64,199.988206
1.0,54,199.998304
1.0,56,200.008815
1.0,54,200.018917
1.0,56,200.029394
1.0,54,200.039545
1.0,52,200.049272
1.0,62,200.060847
1.0,56,200.071349
1.0,54,200.081508
1.0,60,200.09275
1.0,56,200.103235
1.0,58,200.114068
1.0,54,200.124198
1.0,56,200.134812
1.0,62,200.146444
1.0,54,200.156557
1.0,62,200.16811
1.0,62,200.179732
1.0,56,200.190229
1.0,62,200.201859
1.0,62,200.213474
1.0,58,200.224319
1.0,58,200.235197
1.0,72,200.248641
1.0,66,200.261003
1.0,64,200.272977
1.0,58,200.283893
1.0,52,200.293682
1.0,54,200.303828
1.0,54,200.313979
1.0,52,200.32379
1.0,56,200.334449
1.0,62,200.34615
1.0,66,200.358598
1.0,66,200.370985
1.0,58,200.38188
1.0,64,200.393893
1.0,54,200.404052
1.0,62,200.415736
1.0,64,200.427759
1.0,56,200.438303
1.0,54,200.448468
1.0,60,200.459715
1.0,52,200.469522
1.0,66,200.481876
1.0,66,200.494241
1.0,54,200.504373
1.0,64,200.516386
1.0,64,200.528397
1.0,70,200.541718
1.0,50,200.551185
1.0,56,200.561726
1.0,58,200.572686
1.0,56,200.583346
1.0,60,200.594624
1.0,64,200.606747
1.0,60,200.61804
1.0,62,200.629624
1.0,58,200.640495
1.0,58,200.651374
1.0,58,200.662247
1.0,58,200.67307
1.0,68,200.685773
1.0,58,200.696615
1.0,56,200.707119
1.0,52,200.716867
1.0,64,200.728828
1.0,54,200.73895
1.0,60,200.750214
1.0,64,200.762148
1.0,50,200.771562
1.0,64,200.783482
1.0,54,200.793553
1.0,60,200.804732
1.0,52,200.81444
1.0,50,200.823834
1.0,56,200.834285
1.0,62,200.845834
1.0,56,200.856282
1.0,60,200.867481
1.0,62,200.879058
1.0,54,200.889159
1.0,60,200.900342
1.0,60,200.911562
1.0,58,200.922402
1.0,54,200.932553
1.0,54,200.942695
1.0,56,200.95324
1.0,54,200.963323
1.0,60,200.974522
1.0,54,200.984606
1.0,60,200.995793
1.0,56,201.006227
1.0,56,201.016685
1.0,54,201.026786
1.0,60,201.037954
1.0,58,201.048776
1.0,60,201.059965
1.0,60,201.071125
1.0,64,201.083034
1.0,54,201.093115
1.0,58,201.104099
1.0,66,201.116408
1.0,264,201.166129
1.0,56,201.176658
1.0,52,201.186382
1.0,54,201.19648
1.0,60,201.207688
1.0,52,201.217477
1.0,62,201.229056
1.0,56,201.239517
1.0,54,201.249614
1.0,54,201.259702
1.0,62,201.271294
1.0,54,201.281359
1.0,60,201.292567
1.0,54,201.302658
1.0,60,201.31383
1.0,60,201.325068
1.0,54,201.335136
1.0,60,201.346359
1.0,50,201.355873
1.0,54,201.365946
1.0,58,201.376751
1.0,54,201.386947
1.0,58,201.39776
1.0,60,201.408949
1.0,56,201.419456
1.0,60,201.430642
1.0,62,201.442195
1.0,50,201.45156
1.0,54,201.461654
1.0,60,201.472842
1.0,62,201.484442
1.0,56,201.494907
1.0,56,201.505363
1.0,52,201.515089
1.0,56,201.525533
1.0,58,201.536353
1.0,60,201.54755
1.0,54,201.557802
1.0,56,201.568265
1.0,56,201.578726
1.0,58,201.589556
1.0,58,201.600381
1.0,58,201.611278
1.0,58,201.622115
1.0,62,201.633662
1.0,52,201.643384
1.0,58,201.654156
1.0,54,201.664318
1.0,54,201.674487
1.0,56,201.68493
1.0,60,201.696148
1.0,54,201.706217
1.0,60,201.717514
1.0,56,201.727998
1.0,60,201.739167
1.0,54,201.749268
1.0,56,201.759855
1.0,60,201.771117
1.0,52,201.780871
1.0,60,201.792098
1.0,58,201.802925
1.0,56,201.813395
1.0,54,201.823484
1.0,66,201.835872
1.0,54,201.845981
1.0,54,201.856076
1.0,56,201.866554
1.0,60,201.877757
1.0,58,201.888666
1.0,62,201.900311
1.0,58,201.91119
1.0,52,201.920921
1.0,62,201.932522
1.0,58,201.943471
1.0,58,201.954324
1.0,62,201.966048
1.0,56,201.976514
1.0,56,201.986985
1.0,58,201.997899
1.0,54,202.008021
1.0,62,202.019578
1.0,52,202.029294
1.0,62,202.040923
1.0,56,202.051415
1.0,52,202.061223
1.0,58,202.072051
1.0,56,202.082537
1.0,58,202.093402
1.0,68,202.106146
1.0,56,202.116705
1.0,64,202.128669
1.0,54,202.13879
1.0,72,202.152235
1.0,68,202.165009
1.0,54,202.175273
1.0,56,202.185774
1.0,58,202.196646
1.0,58,202.207537
1.0,54,202.217673
1.0,62,202.229241
1.0,66,202.241604
1.0,58,202.252441
1.0,56,202.26293
1.0,54,202.273041
1.0,60,202.284334
1.0,54,202.294434
1.0,58,202.30529
1.0,65,202.317433
1.0,52,202.327207
1.0,52,202.336935
1.0,64,202.348909
1.0,58,202.359756
1.0,56,202.370241
1.0,52,202.38015
1.0,60,202.39145
1.0,58,202.402297
1.0,50,202.411689
1.0,54,202.421799
1.0,54,202.431919
1.0,56,202.442402
1.0,58,202.453258
1.0,52,202.463023
1.0,58,202.47386
1.0,52,202.483589
1.0,58,202.494437
1.0,58,202.505291
1.0,64,202.517278
1.0,54,202.52738
1.0,58,202.538263
1.0,56,202.548759
1.0,60,202.559983
1.0,56,202.570457
1.0,56,202.581069
1.0,62,202.59264
1.0,58,202.60351
1.0,56,202.614002
1.0,60,202.625215
1.0,60,202.636402
1.0,58,202.647226
1.0,64,202.659179
1.0,62,202.670778
1.0,54,202.680891
1.0,56,202.691382
1.0,50,202.70397
1.0,54,202.714084
1.0,54,202.724262
1.0,60,202.735566
1.0,56,202.746059
1.0,58,202.756925
1.0,52,202.766669
1.0,58,202.777507
1.0,64,202.789695
1.0,54,202.799825
1.0,56,202.810318
1.0,58,202.821176
1.0,60,202.832443
1.0,62,202.844054
1.0,50,202.85343
1.0,54,202.863558
1.0,62,202.875154
1.0,52,202.884924
1.0,60,202.896135
1.0,56,202.90664
1.0,66,202.918973
1.0,56,202.92945
1.0,62,202.941052
1.0,60,202.952277
1.0,58,202.963117
1.0,54,202.973343
1.0,54,202.983578
1.0,54,202.993674
1.0,56,203.004134
1.0,58,203.015017
1.0,52,203.024768
1.0,54,203.034849
1.0,56,203.045317
1.0,54,203.055425
1.0,58,203.066281
1.0,60,203.077494
1.0,58,203.088395
1.0,56,203.098881
1.0,58,203.10977
1.0,56,203.120361
1.0,64,203.132344
1.0,56,203.142858
1.0,58,203.153808
1.0,54,203.163972
1.0,58,203.174881
1.0,60,203.186242
1.0,64,203.198384
1.0,66,203.210755
1.0,56,203.221252
1.0,56,203.231808
1.0,66,203.244127
1.0,56,203.257702
1.0,58,203.268913
1.0,62,203.280615
1.0,70,203.293809
1.0,56,203.304304
1.0,58,203.315207
1.0,62,203.326831
1.0,54,203.336947
1.0,52,203.346754
1.0,54,203.356853
1.0,66,203.369214
1.0,56,203.379707
1.0,60,203.391009
1.0,54,203.401299
1.0,58,203.412182
1.0,52,203.421904
1.0,56,203.432417
1.0,56,203.442898
1.0,64,203.45493
1.0,56,203.465406
1.0,68,203.478131
1.0,54,203.488266
1.0,54,203.498396
1.0,52,203.508158
1.0,54,203.518265
1.0,54,203.528361
1.0,56,203.538803
1.0,50,203.5482
1.0,68,203.560912
1.0,58,203.571747
1.0,58,203.582596
1.0,54,203.592715
1.0,58,203.603755
1.0,58,203.614622
1.0,64,203.626573
1.0,52,203.636286
1.0,56,203.646773
1.0,52,203.656505
1.0,50,203.665882
1.0,58,203.67674
1.0,58,203.687586
1.0,138,203.713693
1.0,52,203.723447
1.0,56,203.733952
1.0,52,203.743751
1.0,62,203.755363
1.0,52,203.7651
1.0,54,203.775197
1.0,60,203.786549
1.0,56,203.797096
1.0,58,203.808102
1.0,56,203.818607
1.0,52,203.828355
1.0,54,203.838501
1.0,54,203.848677
1.0,62,203.860324
1.0,54,203.870449
1.0,50,203.879841
1.0,281,203.933104
1.0,56,203.943672
1.0,52,203.953459
1.0,58,203.964337
1.0,56,203.974833
1.0,58,203.985716
1.0,56,203.996214
1.0,54,204.006481
1.0,58,204.017343
1.0,62,204.028954
1.0,54,204.039104
1.0,52,204.048848
1.0,54,204.058969
1.0,52,204.068799
1.0,60,204.080056
1.0,54,204.090181
1.0,58,204.101109
1.0,62,204.112745
1.0,60,204.124008
1.0,60,204.135268
1.0,52,204.145034
1.0,54,204.155193
1.0,58,204.166109
1.0,54,204.176243
0.0,1000,204.364666
1.0,60,204.376092
1.0,58,204.387006
1.0,54,204.397133
1.0,60,204.408414
1.0,52,204.41834
1.0,60,204.429608
1.0,62,204.441231
1.0,56,204.451763
1.0,62,204.46338
1.0,54,204.473531
1.0,58,204.484466
1.0,52,204.494231
1.0,60,204.505499
1.0,60,204.51676
1.0,54,204.526952
1.0,52,204.536704
1.0,52,204.546448
1.0,52,204.556201
1.0,72,204.56967
1.0,50,204.579113
1.0,64,204.591077
1.0,62,204.602717
1.0,60,204.613965
1.0,50,204.623475
1.0,64,204.635497
1.0,60,204.646782
1.0,50,204.656204
1.0,58,204.667107
1.0,54,204.677316
1.0,56,204.687888
1.0,56,204.698396
1.0,50,204.7078
1.0,52,204.717546
1.0,60,204.728761
1.0,66,204.741133
1.0,52,204.750909
1.0,52,204.760668
1.0,62,204.772357
1.0,56,204.782863
1.0,52,204.792623
1.0,58,204.803478
1.0,62,204.815076
1.0,54,204.825335
1.0,56,204.835827
1.0,67,204.848397
1.0,56,204.859187
1.0,50,204.868574
1.0,64,204.880593
1.0,62,204.892232
1.0,54,204.902347
1.0,54,204.912577
1.0,60,204.923862
1.0,58,204.934773
1.0,66,204.947181
1.0,54,204.957335
1.0,50,204.966732
1.0,58,204.977608
1.0,54,204.987768
1.0,58,204.998646
1.0,56,205.009138
1.0,58,205.020019
1.0,56,205.03066
1.0,58,205.041537
1.0,58,205.052429
1.0,54,205.062556
1.0,60,205.073802
1.0,52,205.083656
1.0,60,205.09493
1.0,58,205.105814
1.0,56,205.116364
1.0,54,205.126532
1.0,54,205.136672
1.0,58,205.147542
1.0,58,205.158463
1.0,58,205.169324
1.0,58,205.180187
1.0,54,205.190327
1.0,56,205.200914
1.0,58,205.211821
1.0,58,205.222726
1.0,66,205.235248
1.0,56,205.245829
1.0,54,205.256009
1.0,52,205.265801
1.0,56,205.27632
1.0,54,205.28648
1.0,60,205.297743
1.0,58,205.308622
1.0,56,205.319131
1.0,56,205.329634
1.0,58,205.340561
1.0,56,205.351066
1.0,54,205.361241
1.0,62,205.372928
1.0,58,205.383853
1.0,60,205.395163
1.0,68,205.407916
1.0,50,205.417356
1.0,52,205.427146
1.0,54,205.437455
1.0,54,205.447628
1.0,58,205.458546
1.0,56,205.469159
1.0,64,205.481149
1.0,54,205.491295
1.0,56,205.50183
1.0,58,205.512738
1.0,56,205.523288
1.0,52,205.533131
1.0,58,205.544053
1.0,56,205.55457
1.0,56,205.565082
1.0,54,205.575235
1.0,56,205.585826
1.0,56,205.59635
1.0,56,205.606895
1.0,58,205.617816
1.0,52,205.627632
1.0,54,205.63795
1.0,56,205.648483
1.0,58,205.659396
1.0,62,205.671012
1.0,58,205.681913
1.0,60,205.693153
1.0,66,205.705553
1.0,54,205.715712
1.0,56,205.726224
1.0,52,205.736044
1.0,52,205.745847
1.0,62,205.757567
1.0,54,205.767731
1.0,52,205.777549
1.0,58,205.788459
1.0,56,205.799029
1.0,52,205.808877
1.0,68,205.821643
1.0,66,205.834055
1.0,60,205.845485
1.0,54,205.855634
1.0,62,205.867347
1.0,54,205.877515
1.0,58,205.888465
1.0,54,205.898651
1.0,56,205.909213
1.0,54,205.919444
1.0,56,205.929975
1.0,58,205.940877
1.0,62,205.952537
1.0,56,205.963042
1.0,62,205.974693
1.0,60,205.986006
1.0,64,205.998007
1.0,52,206.007797
1.0,56,206.018342
1.0,56,206.028949
1.0,62,206.040595
1.0,58,206.051625
1.0,58,206.06256
1.0,52,206.072356
1.0,50,206.081765
1.0,62,206.093405
1.0,60,206.104698
1.0,66,206.11709
1.0,58,206.128002
1.0,58,206.138894
1.0,50,206.148293
1.0,58,206.159213
1.0,52,206.168978
1.0,64,206.180963
1.0,58,206.191834
1.0,52,206.201652
1.0,54,206.2118
1.0,54,206.221988
1.0,52,206.231777
1.0,60,206.243077
1.0,54,206.253367
1.0,56,206.263886
1.0,56,206.274412
1.0,50,206.28387
1.0,58,206.294757
1.0,60,206.305997
1.0,66,206.318419
1.0,50,206.327822
1.0,50,206.337211
1.0,56,206.347719
1.0,52,206.357486
1.0,64,206.369516
1.0,60,206.380797
1.0,56,206.391347
1.0,54,206.401517
1.0,70,206.414695
1.0,64,206.426794
1.0,66,206.439162
1.0,66,206.451654
1.0,54,206.461838
1.0,56,206.472384
1.0,50,206.48185
1.0,56,206.492382
1.0,66,206.50478
1.0,54,206.514932
1.0,60,206.526198
1.0,54,206.536456
1.0,54,206.546607
1.0,60,206.55786
1.0,58,206.568758
1.0,58,206.579668
1.0,54,206.589797
1.0,62,206.601487
1.0,56,206.612027
1.0,58,206.622894
1.0,56,206.633402
1.0,50,206.642859
1.0,74,206.65699
1.0,54,206.667166
1.0,60,206.678486
1.0,66,206.690895
1.0,52,206.700671
1.0,56,206.711314
1.0,54,206.721516
1.0,58,206.7324
1.0,58,206.743402
1.0,70,206.756567
1.0,58,206.767519
1.0,54,206.777661
1.0,58,206.78863
1.0,54,206.798818
1.0,56,206.809373
1.0,60,206.820694
1.0,50,206.830074
1.0,54,206.840229
1.0,58,206.851124
1.0,52,206.861055
1.0,60,206.872363
1.0,56,206.882904
1.0,62,206.894559
1.0,56,206.905118
1.0,60,206.916402
1.0,60,206.927676
1.0,64,206.9397
1.0,56,206.95023
1.0,56,206.960775
1.0,56,206.971305
1.0,64,206.983295
1.0,54,206.99349
1.0,52,207.003285
1.0,52,207.01306
1.0,58,207.023977
1.0,62,207.035647
1.0,62,207.047334
1.0,50,207.056762
1.0,58,207.067837
1.0,60,207.079121
1.0,72,207.092758
1.0,58,207.103696
1.0,50,207.113131
1.0,60,207.12444
1.0,56,207.134993
1.0,54,207.145221
1.0,50,207.154708
1.0,58,207.165662
1.0,54,207.175837
1.0,52,207.185607
1.0,60,207.196894
1.0,56,207.207457
1.0,54,207.217629
1.0,56,207.228178
1.0,56,207.238728
1.0,58,207.249633
1.0,52,207.25946
1.0,54,207.269753
1.0,58,207.280666
1.0,60,207.291903
1.0,54,207.302072
1.0,76,207.316342
1.0,60,207.32761
1.0,56,207.338154
1.0,62,207.349827
1.0,58,207.360758
1.0,60,207.372048
1.0,58,207.38299
1.0,64,207.39503
1.0,66,207.407441
1.0,54,207.417649
1.0,56,207.428174
1.0,52,207.438029
1.0,70,207.451206
1.0,56,207.461717
1.0,52,207.471618
1.0,64,207.483707
1.0,54,207.493882
1.0,58,207.504787
1.0,58,207.515754
1.0,60,207.52705
1.0,54,207.537201
1.0,54,207.547414
1.0,54,207.557526
1.0,54,207.567685
1.0,56,207.57819
1.0,66,207.590555
1.0,50,207.600049
1.0,58,207.610946
1.0,56,207.621473
1.0,58,207.632387
1.0,56,207.642931
1.0,64,207.655041
1.0,58,207.665932
1.0,56,207.676591
1.0,52,207.686363
1.0,52,207.696184
1.0,56,207.706801
1.0,60,207.718176
1.0,56,207.728726
1.0,52,207.738513
1.0,52,207.748296
1.0,56,207.758854
1.0,56,207.769463
1.0,64,207.781485
1.0,54,207.791674
1.0,62,207.803375
1.0,58,207.814322
1.0,60,207.826513
1.0,64,207.838579
1.0,58,207.849506
1.0,52,207.859323
1.0,58,207.870332
1.0,56,207.881076
1.0,58,207.891977
1.0,58,207.902901
1.0,56,207.913449
1.0,52,207.923261
1.0,58,207.934237
1.0,54,207.944428
1.0,52,207.954205
1.0,54,207.964387
1.0,60,207.975692
1.0,54,207.985874
1.0,62,207.997605
1.0,54,208.007779
1.0,58,208.018709
1.0,64,208.030779
1.0,52,208.040604
1.0,56,208.051251
1.0,60,208.062555
1.0,58,208.0735
1.0,52,208.083418
1.0,64,208.095708
1.0,54,208.105986
1.0,58,208.117023
1.0,52,208.126971
1.0,70,208.140305
1.0,54,208.150565
1.0,62,208.162333
1.0,60,208.173662
1.0,54,208.183864
1.0,66,208.196278
1.0,60,208.207611
1.0,58,208.218658
1.0,56,208.229243
1.0,50,208.238713
1.0,54,208.248887
1.0,56,208.259442
1.0,58,208.270358
1.0,50,208.279838
1.0,54,208.29019
1.0,58,208.301117
1.0,52,208.310918
1.0,52,208.320683
1.0,52,208.330565
1.0,60,208.341866
1.0,68,208.354611
1.0,58,208.365508
1.0,56,208.376049
1.0,56,208.386657
1.0,60,208.397944
1.0,60,208.409204
1.0,50,208.418677
1.0,62,208.430383
1.0,56,208.44101
1.0,52,208.450829
1.0,58,208.46176
1.0,64,208.47379
1.0,50,208.483213
1.0,56,208.493901
1.0,56,208.504482
1.0,62,208.516129
1.0,52,208.525905
1.0,54,208.536067
1.0,56,208.546566
1.0,60,208.557927
1.0,58,208.568879
1.0,60,208.580218
1.0,64,208.592263
1.0,56,208.602787
1.0,52,208.612558
1.0,60,208.623833
1.0,52,208.633706
1.0,58,208.644614
1.0,54,208.654718
1.0,68,208.66747
1.0,60,208.678715
1.0,62,208.690321
1.0,60,208.701699
1.0,56,208.712206
1.0,58,208.723066
1.0,56,208.733533
1.0,62,208.745084
1.0,66,208.757474
1.0,56,208.768014
1.0,60,208.779347
1.0,54,208.789531
1.0,58,208.800447
1.0,58,208.811374
1.0,62,208.82303
1.0,58,208.833952
1.0,58,208.84492
1.0,54,208.855152
1.0,56,208.865687
1.0,54,208.875883
1.0,50,208.885329
1.0,62,208.897006
1.0,56,208.907718
1.0,56,208.918251
1.0,62,208.929883
1.0,60,208.941175
1.0,56,208.951714
1.0,54,208.961926
1.0,54,208.972086
1.0,54,208.98227
1.0,54,208.992451
1.0,50,209.00187
1.0,60,209.013128
1.0,54,209.023294
1.0,56,209.033812
1.0,58,209.044744
1.0,66,209.057162
1.0,60,209.068432
1.0,62,209.080108
1.0,60,209.0914
1.0,50,209.100802
1.0,54,209.111084
1.0,58,209.121945
1.0,56,209.132485
1.0,58,209.143394
1.0,58,209.154237
1.0,60,209.165497
1.0,68,209.178289
1.0,54,209.188457
1.0,58,209.199342
1.0,62,209.210997
1.0,58,209.22189
1.0,60,209.23314
1.0,56,209.243627
1.0,54,209.253748
1.0,58,209.264621
1.0,60,209.275855
1.0,60,209.287134
1.0,62,209.298802
1.0,54,209.309119
1.0,58,209.320039
1.0,54,209.330175
1.0,52,209.339992
1.0,58,209.350915
1.0,54,209.361063
1.0,52,209.370874
1.0,54,209.381048
1.0,52,209.390872
1.0,50,209.40027
1.0,58,209.411167
1.0,56,209.421718
1.0,62,209.433333
1.0,54,209.443511
1.0,60,209.454785
1.0,62,209.466527
1.0,56,209.477148
1.0,52,209.486939
1.0,60,209.498225
1.0,52,209.508015
1.0,58,209.51909
1.0,56,209.529655
1.0,56,209.54018
1.0,54,209.550336
1.0,60,209.561629
1.0,54,209.571802
1.0,66,209.584245
1.0,56,209.594774
1.0,66,209.607206
1.0,52,209.617005
1.0,56,209.627536
1.0,56,209.638047
1.0,60,209.649321
1.0,54,209.65982
1.0,60,209.671081
1.0,52,209.680874
1.0,64,209.692896
1.0,60,209.704173
1.0,54,209.714352
1.0,58,209.725386
1.0,50,209.734805
1.0,56,209.745366
1.0,52,209.755153
1.0,54,209.765325
1.0,62,209.776996
1.0,56,209.78754
1.0,54,209.797708
1.0,58,209.808585
1.0,52,209.818349
1.0,56,209.82889
1.0,64,209.840941
1.0,58,209.8519
1.0,56,209.862474
1.0,54,209.872673
1.0,60,209.884011
1.0,58,209.895019
1.0,56,209.905684
1.0,56,209.916293
1.0,52,209.926301
1.0,92,209.943844
1.0,60,209.955189
1.0,54,209.965529
1.0,62,209.977283
1.0,56,209.987867
1.0,56,209.998459
1.0,58,210.009416
1.0,68,210.0222
1.0,56,210.032753
1.0,56,210.043292
1.0,50,210.052694
1.0,64,210.064653
1.0,60,210.075867
1.0,58,210.086715
1.0,54,210.096839
1.0,56,210.10733
1.0,54,210.117447
1.0,62,210.129184
1.0,56,210.139672
1.0,64,210.151633
1.0,58,210.162495
1.0,56,210.172961
1.0,56,210.183443
1.0,56,210.193897
1.0,58,210.204745
1.0,62,210.216316
1.0,58,210.227181
1.0,54,210.237291
1.0,58,210.248198
1.0,58,210.259079
1.0,52,210.268852
1.0,56,210.279362
1.0,64,210.291355
1.0,62,210.303007
1.0,52,210.312798
1.0,56,210.323311
1.0,56,210.333951
1.0,60,210.345222
1.0,60,210.356457
1.0,54,210.366582
1.0,68,210.379291
1.0,54,210.389399
1.0,62,210.400999
1.0,50,210.410386
1.0,52,210.420111
1.0,70,210.433182
1.0,60,210.444381
1.0,60,210.455551
1.0,62,210.467151
1.0,52,210.476895
1.0,52,210.486629
1.0,50,210.495994
1.0,60,210.507212
1.0,56,210.517817
1.0,54,210.527928
1.0,58,210.538889
1.0,56,210.549354
1.0,62,210.560956
1.0,54,210.571066
1.0,54,210.581178
1.0,54,210.59128
1.0,58,210.602148
1.0,58,210.612999
1.0,56,210.623541
1.0,66,210.635886
1.0,64,210.64785
1.0,58,210.658731
1.0,60,210.669972
1.0,56,210.680491
1.0,52,210.690241
1.0,56,210.700751
1.0,58,210.711649
1.0,52,210.721427
1.0,58,210.732355
1.0,56,210.743028
1.0,64,210.75505
1.0,64,210.767081
1.0,56,210.777668
1.0,62,210.789359
1.0,52,210.799189
1.0,54,210.809389
1.0,62,210.821054
1.0,58,210.831966
1.0,58,210.842875
1.0,54,210.853087
1.0,56,210.863666
1.0,54,210.873858
1.0,56,210.884412
1.0,52,210.894216
1.0,54,210.904389
1.0,62,210.916005
1.0,64,210.928034
1.0,60,210.939433
1.0,58,210.95037
1.0,58,210.961244
1.0,54,210.971378
1.0,52,210.98112
1.0,58,210.991946
1.0,66,211.004308
1.0,60,211.015515
1.0,54,211.025608
1.0,58,211.036455
1.0,50,211.046595
1.0,60,211.058185
1.0,50,211.067943
1.0,58,211.079126
1.0,54,211.089545
1.0,64,211.101922
1.0,52,211.11204
1.0,62,211.123883
1.0,56,211.134331
1.0,54,211.144613
1.0,56,211.155081
1.0,54,211.165166
1.0,58,211.176008
1.0,56,211.186467
1.0,52,211.196191
1.0,56,211.206612
1.0,64,211.218553
1.0,58,211.229389
1.0,62,211.240956
1.0,56,211.251437
1.0,58,211.262228
1.0,60,211.273453
1.0,62,211.285035
1.0,56,211.295519
1.0,54,211.305619
1.0,68,211.318319
1.0,60,211.329546
1.0,52,211.339279
1.0,54,211.34951
1.0,50,211.358869
1.0,56,211.369407
1.0,56,211.379931
1.0,60,211.391222
1.0,64,211.403207
1.0,52,211.412961
1.0,52,211.422691
1.0,50,211.432073
1.0,58,211.442961
1.0,54,211.453084
1.0,52,211.462812
1.0,62,211.474365
1.0,64,211.486358
1.0,52,211.496091
1.0,58,211.506925
1.0,54,211.517042
1.0,52,211.526785
1.0,52,211.536519
1.0,56,211.547003
1.0,56,211.557576
1.0,58,211.568397
1.0,56,211.578866
1.0,58,211.589685
1.0,64,211.601626
1.0,66,211.613955
1.0,50,211.62333
1.0,70,211.636429
1.0,54,211.646523
1.0,62,211.658099
1.0,58,211.668925
1.0,58,211.679744
1.0,58,211.69059
1.0,60,211.701802
1.0,58,211.712616
1.0,58,211.723442
1.0,66,211.735734
1.0,62,211.747346
1.0,56,211.757961
1.0,54,211.768054
1.0,56,211.778519
1.0,56,211.788982
1.0,56,211.799435
1.0,52,211.809158
1.0,52,211.818889
1.0,52,211.828635
1.0,56,211.839126
1.0,64,211.85118
1.0,60,211.86242
1.0,54,211.87255
1.0,58,211.883574
1.0,52,211.893292
1.0,56,211.90378
1.0,60,211.914998
1.0,58,211.925822
1.0,60,211.937081
1.0,58,211.947935
1.0,58,211.958781
1.0,58,211.969701
1.0,56,211.980163
1.0,54,211.990273
1.0,52,211.999997
1.0,54,212.01007
1.0,56,212.020551
1.0,54,212.030613
1.0,58,212.041436
1.0,56,212.051921
1.0,58,212.062785
1.0,56,212.073283
1.0,56,212.08373
1.0,56,212.094203
1.0,58,212.105019
1.0,50,212.114391
1.0,50,212.123775
1.0,56,212.134276
1.0,54,212.144408
1.0,52,212.154212
1.0,64,212.166416
1.0,50,212.175825
1.0,58,212.186737
1.0,52,212.19649
1.0,58,212.207346
1.0,58,212.218199
1.0,58,212.229053
1.0,54,212.239153
1.0,50,212.248527
1.0,56,212.258981
1.0,62,212.270581
1.0,54,212.280661
1.0,52,212.29038
1.0,60,212.301574
1.0,52,212.311322
1.0,58,212.32214
1.0,58,212.332955
1.0,58,212.343802
1.0,56,212.354254
1.0,60,212.365473
1.0,52,212.375327
1.0,56,212.38588
1.0,60,212.397115
1.0,50,212.4065
1.0,62,212.418094
1.0,92,212.435317
1.0,56,212.445793
1.0,60,212.456954
1.0,60,212.468144
1.0,58,212.478961
1.0,60,212.490119
1.0,52,212.499828
1.0,54,212.509898
1.0,50,212.519251
1.0,58,212.530102
1.0,66,212.542369
1.0,60,212.553544
1.0,58,212.564355
1.0,64,212.576408
1.0,68,212.589083
1.0,54,212.599194
1.0,58,212.610024
1.0,54,212.620141
1.0,58,212.630965
1.0,58,212.641762
1.0,50,212.651178
1.0,60,212.662448
1.0,60,212.673766
1.0,52,212.683538
1.0,60,212.694812
1.0,52,212.704551
1.0,54,212.714629
1.0,62,212.726219
1.0,58,212.737058
1.0,54,212.747153
1.0,56,212.757621
1.0,58,212.76849
1.0,58,212.779454
1.0,60,212.790649
1.0,56,212.801097
1.0,58,212.811927
1.0,56,212.822364
1.0,58,212.833176
1.0,58,212.844022
1.0,62,212.855635
1.0,52,212.865378
1.0,52,212.875087
1.0,58,212.885885
1.0,58,212.896717
1.0,58,212.907576
1.0,56,212.918026
1.0,56,212.928459
1.0,56,212.938921
1.0,54,212.949009
1.0,52,212.958736
1.0,62,212.9703
1.0,66,212.982723
1.0,54,212.992796
1.0,56,213.003215
1.0,56,213.013648
1.0,58,213.024449
1.0,56,213.034892
1.0,56,213.045345
1.0,54,213.055452
1.0,52,213.065225
1.0,56,213.075694
1.0,52,213.085408
1.0,56,213.095848
1.0,58,213.106641
1.0,58,213.117448
1.0,56,213.127878
1.0,56,213.138323
1.0,50,213.147644
1.0,60,213.158813
1.0,58,213.169616
1.0,56,213.180078
1.0,54,213.190235
1.0,56,213.200658
1.0,50,213.209983
1.0,60,213.221171
1.0,60,213.232375
1.0,56,213.242871
1.0,56,213.253357
1.0,52,213.263062
1.0,56,213.273507
1.0,54,213.283589
1.0,54,213.293664
1.0,58,213.304471
1.0,70,213.317493
1.0,58,213.328287
1.0,60,213.339459
1.0,60,213.350606
1.0,62,213.36215
1.0,56,213.372596
1.0,60,213.383812
1.0,60,213.395152
1.0,60,213.406325
1.0,56,213.416749
1.0,54,213.426808
1.0,54,213.436882
1.0,50,213.446196
1.0,52,213.45589
1.0,52,213.465574
1.0,56,213.475998
1.0,64,213.487893
1.0,60,213.499063
1.0,56,213.509495
1.0,64,213.521433
1.0,54,213.531511
1.0,52,213.541199
1.0,52,213.550917
1.0,52,213.560612
1.0,58,213.571403
1.0,54,213.581455
1.0,56,213.592017
1.0,62,213.603573
1.0,60,213.614779
1.0,52,213.624494
1.0,52,213.634206
1.0,118,213.65639
1.0,56,213.666854
1.0,56,213.677298
1.0,52,213.687011
1.0,58,213.697836
1.0,52,213.707536
1.0,54,213.717641
1.0,56,213.728081
1.0,54,213.738145
1.0,56,213.748619
1.0,58,213.75943
1.0,62,213.771005
1.0,52,213.780716
1.0,62,213.792261
1.0,52,213.8021
1.0,52,213.811805
1.0,60,213.822971
1.0,60,213.834152
1.0,58,213.844983
1.0,54,213.855071
1.0,52,213.864813
1.0,52,213.874539
1.0,52,213.884603
1.0,54,213.894721
1.0,64,213.907011
1.0,50,213.916367
1.0,52,213.926143
1.0,52,213.936571
1.0,58,213.948144
1.0,64,213.960652
1.0,62,213.972617
1.0,62,213.984631
1.0,68,213.997771
1.0,56,214.008562
1.0,54,214.018882
1.0,60,214.030237
1.0,58,214.041254
1.0,62,214.052912
1.0,60,214.064226
1.0,66,214.076566
1.0,62,214.088155
1.0,52,214.097906
1.0,52,214.107643
1.0,54,214.117728
1.0,54,214.12785
1.0,60,214.139059
1.0,60,214.150259
1.0,60,214.161444
1.0,58,214.17227
1.0,60,214.183495
1.0,58,214.194379
1.0,54,214.204611
1.0,62,214.216225
1.0,56,214.226683
1.0,60,214.237931
1.0,58,214.248749
1.0,54,214.259261
1.0,58,214.270107
1.0,54,214.280241
1.0,60,214.291463
1.0,58,214.302292
1.0,56,214.312782
1.0,56,214.323236
1.0,52,214.332981
1.0,58,214.343844
1.0,52,214.353568
1.0,58,214.36446
1.0,56,214.374974
1.0,52,214.384712
1.0,58,214.395586
1.0,68,214.408429
1.0,50,214.417833
1.0,60,214.429113
1.0,54,214.439275
1.0,55,214.449576
1.0,54,214.459679
1.0,56,214.470149
1.0,62,214.481753
1.0,62,214.493341
1.0,52,214.503096
1.0,58,214.513951
1.0,52,214.523679
1.0,68,214.536392
1.0,58,214.54725
1.0,54,214.557352
1.0,52,214.567077
1.0,62,214.578681
1.0,54,214.588762
1.0,54,214.598871
1.0,54,214.608987
1.0,54,214.619253
1.0,56,214.629714
1.0,58,214.640556
1.0,58,214.651412
1.0,62,214.66298
1.0,56,214.67347
1.0,54,214.68362
1.0,58,214.694518
1.0,62,214.706155
1.0,58,214.716983
1.0,56,214.727474
1.0,64,214.739431
1.0,58,214.750278
1.0,50,214.759665
1.0,56,214.770145
1.0,52,214.779877
1.0,52,214.789632
1.0,54,214.799764
1.0,58,214.810632
1.0,56,214.821242
1.0,62,214.832831
1.0,60,214.844052
1.0,54,214.854143
1.0,56,214.864618
1.0,54,214.874697
1.0,58,214.885561
1.0,54,214.895659
1.0,52,214.905389
1.0,56,214.915853
1.0,52,214.925594
1.0,60,214.936806
1.0,56,214.947279
1.0,62,214.958855
1.0,56,214.969312
1.0,58,214.98016
1.0,52,214.989929
1.0,54,215.000079
1.0,54,215.010207
1.0,64,215.022327
1.0,58,215.033204
1.0,54,215.043325
1.0,54,215.053439
1.0,60,215.064682
1.0,68,215.077429
1.0,58,215.088274
1.0,56,215.098743
1.0,60,215.110036
1.0,52,215.11981
1.0,64,215.13179
1.0,54,215.141909
1.0,54,215.152027
1.0,54,215.162138
1.0,54,215.172242
1.0,54,215.182353
1.0,60,215.193578
1.0,52,215.203317
1.0,60,215.214528
1.0,54,215.224777
1.0,54,215.234905
1.0,60,215.246126
1.0,58,215.256975
1.0,60,215.268191
1.0,70,215.281255
1.0,58,215.292077
1.0,56,215.302547
1.0,54,215.312645
1.0,60,215.323839
1.0,54,215.333937
1.0,64,215.345897
1.0,56,215.356358
1.0,60,215.36762
1.0,58,215.378492
1.0,54,215.38865
1.0,54,215.398798
1.0,56,215.409346
1.0,54,215.41951
1.0,52,215.429449
1.0,62,215.441067
1.0,56,215.451581
1.0,66,215.463933
1.0,58,215.474795
1.0,66,215.487166
1.0,52,215.496879
1.0,54,215.506992
1.0,58,215.517845
1.0,56,215.528335
1.0,56,215.53882
1.0,52,215.548539
1.0,58,215.559361
1.0,62,215.57092
1.0,58,215.581756
1.0,56,215.592237
1.0,56,215.602709
1.0,56,215.613182
1.0,62,215.624767
1.0,58,215.635769
1.0,58,215.646621
1.0,54,215.656727
1.0,58,215.66755
1.0,58,215.678351
1.0,58,215.689163
1.0,58,215.699986
1.0,54,215.710067
1.0,62,215.721655
1.0,60,215.73288
1.0,62,215.744448
1.0,52,215.754204
1.0,60,215.765428
1.0,52,215.775156
1.0,60,215.786321
1.0,58,215.797173
1.0,50,215.806533
1.0,52,215.816248
1.0,58,215.827095
1.0,54,215.837317
1.0,56,215.84781
1.0,52,215.857552
1.0,60,215.868816
1.0,56,215.879358
1.0,56,215.889906
1.0,60,215.901167
1.0,64,215.913162
1.0,62,215.924788
1.0,50,215.934166
1.0,54,215.944282
1.0,58,215.955158
1.0,56,215.965685
1.0,60,215.976965
1.0,54,215.987116
1.0,56,215.997615
1.0,60,216.009145
1.0,58,216.02
1.0,60,216.031303
1.0,60,216.042654
1.0,60,216.053847
1.0,58,216.064666
1.0,62,216.076229
1.0,58,216.087081
1.0,50,216.096458
1.0,60,216.107668
1.0,62,216.11924
1.0,64,216.131172
1.0,56,216.141745
1.0,56,216.152199
1.0,54,216.162286
1.0,54,216.172355
1.0,56,216.182772
1.0,56,216.193244
1.0,60,216.204456
1.0,56,216.214923
1.0,54,216.22501
1.0,58,216.235865
1.0,60,216.247205
1.0,58,216.258036
1.0,60,216.269231
1.0,56,216.279672
1.0,56,216.290106
1.0,62,216.301615
1.0,62,216.313195
1.0,54,216.323282
1.0,58,216.334103
1.0,68,216.346794
1.0,54,216.356883
1.0,54,216.367003
1.0,56,216.377465
1.0,60,216.388664
1.0,60,216.399849
1.0,58,216.410714
1.0,62,216.422289
1.0,60,216.433482
1.0,56,216.443961
1.0,52,216.4538
1.0,54,216.463868
1.0,54,216.473951
1.0,56,216.484419
1.0,56,216.494848
1.0,64,216.5068
1.0,68,216.519484
1.0,60,216.530686
1.0,54,216.540755
1.0,56,216.551208
1.0,58,216.562041
1.0,56,216.572492
1.0,58,216.583315
1.0,54,216.59344
1.0,58,216.604295
1.0,58,216.615145
1.0,60,216.62635
1.0,52,216.63605
1.0,52,216.645739
1.0,60,216.657049
1.0,60,216.668252
1.0,58,216.679077
1.0,56,216.689517
1.0,58,216.700382
1.0,52,216.71012
1.0,54,216.720223
1.0,62,216.731796
1.0,60,216.743013
1.0,58,216.753857
1.0,54,216.763992
1.0,58,216.77485
1.0,54,216.784956
1.0,60,216.79615
1.0,52,216.805885
1.0,52,216.815604
1.0,58,216.826442
1.0,58,216.837278
1.0,50,216.846654
1.0,64,216.858735
1.0,56,216.869179
1.0,56,216.879628
1.0,58,216.890459
1.0,56,216.900923
1.0,54,216.911026
1.0,54,216.921092
1.0,58,216.931963
1.0,58,216.942815
1.0,56,216.953313
1.0,54,216.963456
1.0,50,216.972803
1.0,58,216.983604
1.0,62,216.995156
1.0,58,217.006021
1.0,58,217.016847
1.0,56,217.027354
1.0,58,217.038253
1.0,58,217.049073
1.0,54,217.059186
1.0,54,217.069396
1.0,56,217.079848
1.0,54,217.089875
1.0,50,217.09922
1.0,58,217.110033
1.0,60,217.121199
1.0,68,217.133869
1.0,58,217.144654
1.0,56,217.155099
1.0,56,217.165532
1.0,62,217.177137
1.0,60,217.188304
1.0,54,217.198407
1.0,64,217.21035
1.0,56,217.220797
1.0,56,217.231231
1.0,52,217.240918
1.0,56,217.251347
1.0,54,217.261419
1.0,60,217.272733
1.0,62,217.284248
1.0,60,217.295439
1.0,56,217.305854
1.0,66,217.318207
1.0,54,217.328287
1.0,62,217.339911
1.0,62,217.351493
1.0,58,217.362305
1.0,50,217.37165
1.0,68,217.384326
1.0,58,217.39512
1.0,56,217.405553
1.0,54,217.415778
1.0,74,217.429557
1.0,60,217.440758
1.0,62,217.452342
1.0,50,217.461657
1.0,54,217.471853
1.0,58,217.482708
1.0,56,217.493217
1.0,62,217.504769
1.0,52,217.514532
1.0,58,217.525335
1.0,56,217.535791
1.0,56,217.546226
1.0,52,217.555931
1.0,56,217.56638
1.0,56,217.576807
1.0,56,217.587257
1.0,60,217.598493
1.0,56,217.608924
1.0,52,217.618628
1.0,56,217.629066
1.0,60,217.64028
1.0,60,217.651489
1.0,60,217.662676
1.0,60,217.673829
1.0,56,217.684414
1.0,54,217.69449
1.0,64,217.706406
1.0,60,217.717653
1.0,60,217.728839
1.0,54,217.738926
1.0,58,217.749719
1.0,58,217.760534
1.0,54,217.770615
1.0,52,217.780324
1.0,54,217.790443
1.0,52,217.800131
1.0,54,217.810175
1.0,60,217.821425
1.0,62,217.832996
1.0,52,217.842699
1.0,56,217.853131
1.0,56,217.863569
1.0,56,217.873995
1.0,54,217.884222
1.0,56,217.894649
1.0,56,217.905093
1.0,56,217.915506
1.0,66,217.927774
1.0,52,217.937472
1.0,58,217.948276
1.0,56,217.958701
1.0,68,217.971322
1.0,56,217.981777
1.0,56,217.992265
1.0,52,218.00206
1.0,54,218.012143
1.0,54,218.022211
1.0,60,218.033417
1.0,64,218.045336
1.0,62,218.056885
1.0,52,218.066604
1.0,52,218.076307
1.0,58,218.087298
1.0,60,218.098549
1.0,56,218.109017
1.0,56,218.119505
1.0,60,218.130771
1.0,52,218.140526
1.0,52,218.150266
1.0,56,218.160749
1.0,52,218.170522
1.0,58,218.1814
1.0,62,218.193034
1.0,54,218.203158
1.0,56,218.213638
1.0,58,218.224524
1.0,58,218.235379
1.0,56,218.245859
1.0,52,218.255609
1.0,60,218.266835
1.0,54,218.276916
1.0,60,218.288316
1.0,56,218.298804
1.0,50,218.3082
1.0,56,218.318727
1.0,58,218.329582
1.0,60,218.340824
1.0,62,218.352386
1.0,56,218.362888
1.0,54,218.373018
1.0,54,218.383182
1.0,56,218.393696
1.0,54,218.403831
1.0,56,218.414384
1.0,60,218.425634
1.0,56,218.436171
1.0,70,218.449344
1.0,58,218.460248
1.0,52,218.470033
1.0,56,218.480595
1.0,56,218.491202
1.0,56,218.501829
1.0,56,218.512424
1.0,58,218.523361
1.0,52,218.53318
1.0,52,218.542994
1.0,50,218.552397
1.0,56,218.562933
1.0,60,218.574176
1.0,54,218.584307
1.0,62,218.595939
1.0,62,218.607632
1.0,60,218.618902
1.0,56,218.629448
1.0,60,218.640683
1.0,54,218.650779
1.0,60,218.662035
1.0,54,218.672155
1.0,56,218.682656
1.0,52,218.692483
1.0,54,218.702787
1.0,54,218.712938
1.0,56,218.723512
1.0,56,218.734008
1.0,54,218.744112
1.0,54,218.754192
1.0,60,218.765411
1.0,58,218.776312
1.0,52,218.786028
1.0,58,218.79686
1.0,56,218.80733
1.0,58,218.818177
1.0,56,218.828653
1.0,62,218.840225
1.0,56,218.850676
1.0,52,218.860374
1.0,52,218.870106
1.0,64,218.882046
1.0,64,218.893991
1.0,68,218.906829
1.0,58,218.917683
1.0,60,218.928953
1.0,56,218.939465
1.0,58,218.950284
1.0,58,218.961177
1.0,52,218.970932
1.0,62,218.982548
1.0,58,218.993402
1.0,62,219.004995
1.0,58,219.015861
1.0,60,219.027085
1.0,52,219.036819
1.0,64,219.048783
1.0,58,219.059641
1.0,56,219.070141
1.0,58,219.080985
1.0,60,219.092247
1.0,54,219.102364
1.0,50,219.111887
1.0,52,219.121618
1.0,56,219.132104
1.0,52,219.141812
1.0,52,219.151526
1.0,58,219.16237
1.0,54,219.172466
1.0,52,219.182211
1.0,58,219.193045
1.0,58,219.203873
1.0,60,219.215122
1.0,52,219.22487
1.0,54,219.234962
1.0,52,219.244668
1.0,56,219.25514
1.0,54,219.265224
1.0,54,219.275356
1.0,54,219.28544
1.0,52,219.295179
1.0,52,219.304914
1.0,54,219.315198
1.0,54,219.325298
1.0,54,219.335392
1.0,54,219.345502
1.0,60,219.356727
1.0,62,219.368412
1.0,54,219.378553
1.0,56,219.389041
1.0,58,219.399898
1.0,62,219.41153
1.0,58,219.422408
1.0,54,219.43251
1.0,62,219.44415
1.0,68,219.456861
1.0,52,219.466623
1.0,58,219.477469
1.0,56,219.487938
1.0,52,219.497659
1.0,54,219.507735
1.0,62,219.519446
1.0,62,219.531044
1.0,52,219.540733
1.0,62,219.552302
1.0,54,219.562402
1.0,54,219.57249
1.0,52,219.582188
1.0,58,219.593034
1.0,64,219.604996
1.0,66,219.617305
1.0,56,219.627768
1.0,56,219.638213
1.0,50,219.647551
1.0,58,219.658425
1.0,54,219.668518
1.0,56,219.67898
1.0,58,219.689805
1.0,54,219.699921
1.0,58,219.710792
1.0,52,219.720688
1.0,58,219.731547
1.0,70,219.744651
1.0,56,219.755147
1.0,56,219.76565
1.0,68,219.778339
1.0,58,219.789209
1.0,54,219.799337
1.0,52,219.809078
1.0,52,219.818785
1.0,58,219.829606
1.0,64,219.841536
1.0,58,219.852441
1.0,50,219.861811
1.0,56,219.872259
1.0,60,219.883584
1.0,64,219.89554
1.0,64,219.907492
1.0,56,219.91797
1.0,58,219.928932
1.0,58,219.939781
1.0,58,219.950588
1.0,62,219.962156
1.0,60,219.973353
1.0,58,219.98416
1.0,52,219.993872
1.0,54,220.003964
1.0,64,220.015894
1.0,60,220.027116
1.0,56,220.037602
1.0,54,220.047741
1.0,52,220.057527
1.0,60,220.068757
1.0,56,220.079291
1.0,50,220.088646
1.0,52,220.098377
1.0,50,220.107741
1.0,56,220.118217
1.0,68,220.131109
1.0,52,220.140843
1.0,58,220.151678
1.0,58,220.162523
1.0,54,220.172605
1.0,56,220.183089
1.0,56,220.193519
1.0,58,220.204347
1.0,60,220.215516
1.0,68,220.228217
1.0,50,220.237567
1.0,58,220.248403
1.0,56,220.258834
1.0,62,220.270409
1.0,54,220.280477
1.0,60,220.291658
1.0,56,220.30211
1.0,66,220.314412
1.0,52,220.324129
1.0,66,220.336551
1.0,52,220.346257
1.0,56,220.356712
1.0,54,220.366771
1.0,62,220.37831
1.0,54,220.388398
1.0,56,220.398834
1.0,58,220.409648
1.0,56,220.420171
1.0,62,220.431722
1.0,60,220.442928
1.0,54,220.453021
1.0,60,220.464249
1.0,52,220.473983
1.0,56,220.484422
1.0,56,220.494871
1.0,54,220.504967
1.0,56,220.51543
1.0,58,220.526242
1.0,62,220.537975
1.0,54,220.548056
1.0,52,220.557775
1.0,56,220.568245
1.0,60,220.579439
1.0,58,220.590243
1.0,60,220.601434
1.0,62,220.613028
1.0,60,220.624264
1.0,58,220.635176
1.0,54,220.645266
1.0,60,220.656498
1.0,60,220.667738
1.0,62,220.679735
1.0,54,220.689849
1.0,60,220.701051
1.0,52,220.710776
1.0,60,220.72198
1.0,65,220.734123
1.0,54,220.744401
1.0,56,220.754867
1.0,56,220.765343
1.0,54,220.775428
1.0,64,220.787353
1.0,58,220.798171
1.0,56,220.80865
1.0,58,220.819465
1.0,70,220.832521
1.0,62,220.84412
1.0,50,220.853476
1.0,54,220.863592
1.0,56,220.874073
1.0,54,220.884154
1.0,60,220.895313
1.0,54,220.905394
1.0,58,220.916203
1.0,58,220.927029
1.0,60,220.938232
1.0,56,220.94883
1.0,54,220.95891
1.0,52,220.968627
1.0,52,220.978344
1.0,58,220.989162
1.0,60,221.000388
1.0,62,221.011941
1.0,66,221.024265
1.0,62,221.035851
1.0,54,221.045961
1.0,56,221.056426
1.0,52,221.066131
1.0,62,221.077709
1.0,58,221.088549
1.0,52,221.098296
1.0,58,221.109131
1.0,60,221.120371
1.0,56,221.130841
1.0,60,221.14209
1.0,50,221.15157
1.0,56,221.16205
1.0,56,221.172528
1.0,54,221.182621
1.0,64,221.194574
1.0,52,221.204294
1.0,52,221.214003
1.0,60,221.225175
1.0,66,221.237489
1.0,54,221.2476
1.0,52,221.25733
1.0,58,221.268173
1.0,58,221.279031
1.0,56,221.289506
1.0,56,221.299946
1.0,64,221.311851
1.0,64,221.323792
1.0,60,221.334975
1.0,56,221.345444
1.0,56,221.356057
1.0,58,221.366889
1.0,56,221.377361
1.0,60,221.388563
1.0,52,221.398279
1.0,62,221.409854
1.0,58,221.420704
1.0,56,221.431171
1.0,62,221.442772
1.0,54,221.452864
1.0,60,221.464049
1.0,56,221.474498
1.0,58,221.485361
1.0,56,221.495837
1.0,50,221.505186
1.0,56,221.515696
1.0,52,221.525448
1.0,54,221.535565
1.0,52,221.545297
1.0,52,221.55518
1.0,58,221.566042
1.0,52,221.575774
1.0,52,221.585516
1.0,58,221.596428
1.0,58,221.607253
1.0,64,221.619197
1.0,54,221.629259
1.0,60,221.640463
1.0,62,221.652047
1.0,58,221.662894
1.0,68,221.675605
1.0,52,221.685317
1.0,64,221.697234
1.0,60,221.708421
1.0,54,221.718492
1.0,58,221.729332
1.0,56,221.739841
1.0,58,221.750787
1.0,56,221.761399
1.0,54,221.771581
1.0,56,221.78201
1.0,52,221.791711
1.0,58,221.802553
1.0,56,221.812989
1.0,50,221.82233
1.0,58,221.833198
1.0,52,221.842925
1.0,56,221.853361
1.0,58,221.864172
1.0,54,221.874289
1.0,54,221.884373
1.0,60,221.895557
1.0,58,221.906382
1.0,50,221.91573
1.0,52,221.925408
1.0,52,221.935123
1.0,58,221.945923
1.0,58,221.95675
1.0,60,221.968099
1.0,50,221.977465
1.0,58,221.988294
1.0,52,221.997989
1.0,54,222.008098
1.0,58,222.01894
1.0,52,222.02867
1.0,54,222.038754
1.0,64,222.050653
1.0,56,222.061093
1.0,72,222.074507
1.0,60,222.085673
1.0,62,222.097242
1.0,56,222.107669
1.0,58,222.118482
1.0,54,222.128549
1.0,54,222.138599
1.0,54,222.148685
1.0,56,222.159141
1.0,64,222.171216
1.0,54,222.181291
1.0,56,222.191721
1.0,58,222.202534
1.0,50,222.211865
1.0,56,222.222326
1.0,56,222.23278
1.0,56,222.2432
1.0,62,222.254775
1.0,54,222.264847
1.0,54,222.274912
1.0,58,222.285741
1.0,52,222.295479
1.0,52,222.305193
1.0,56,222.315666
1.0,54,222.325738
1.0,54,222.335809
1.0,58,222.346604
1.0,56,222.357071
1.0,62,222.36877
1.0,56,222.379206
1.0,52,222.388917
1.0,56,222.39935
1.0,62,222.410956
1.0,60,222.422132
1.0,64,222.434017
1.0,54,222.444133
1.0,60,222.455334
1.0,58,222.466146
1.0,64,222.478083
1.0,54,222.488167
1.0,60,222.49936
1.0,60,222.510562
1.0,64,222.522474
1.0,58,222.533335
1.0,62,222.544887
1.0,60,222.556041
1.0,56,222.566486
1.0,58,222.577438
1.0,58,222.588255
1.0,56,222.598791
1.0,54,222.608895
1.0,62,222.62054
1.0,58,222.631367
1.0,60,222.642541
1.0,54,222.652616
1.0,58,222.663438
1.0,62,222.674981
1.0,56,222.685417
1.0,60,222.69669
1.0,58,222.707551
1.0,54,222.717629
1.0,60,222.728852
1.0,60,222.740055
1.0,62,222.751626
1.0,58,222.762419
1.0,62,222.773981
1.0,54,222.784224
1.0,64,222.796139
1.0,54,222.806234
1.0,60,222.81741
1.0,54,222.827486
1.0,52,222.8372
1.0,52,222.846909
1.0,52,222.856616
1.0,54,222.866702
1.0,64,222.878638
1.0,54,222.888775
1.0,58,222.899566
1.0,56,222.910006
1.0,70,222.923202
1.0,52,222.932913
1.0,52,222.942622
1.0,52,222.952331
1.0,64,222.964235
1.0,54,222.974383
1.0,56,222.984943
1.0,54,222.995038
1.0,54,223.005133
1.0,56,223.015588
1.0,60,223.026817
1.0,64,223.038966
1.0,58,223.049777
1.0,56,223.060228
1.0,52,223.069961
1.0,52,223.079738
1.0,60,223.090975
1.0,60,223.102197
1.0,56,223.112701
1.0,54,223.122808
1.0,56,223.133288
1.0,54,223.143427
1.0,62,223.154995
1.0,58,223.165864
1.0,66,223.178231
1.0,58,223.189245
1.0,58,223.200155
1.0,52,223.209922
1.0,64,223.221909
1.0,50,223.231297
1.0,52,223.241037
1.0,56,223.251553
1.0,58,223.262434
1.0,56,223.272938
1.0,56,223.283412
1.0,54,223.293532
1.0,56,223.304009
1.0,56,223.314469
1.0,56,223.324954
1.0,56,223.335445
1.0,56,223.345934
1.0,56,223.356445
1.0,56,223.366934
1.0,54,223.377037
1.0,64,223.38916
1.0,56,223.399648
1.0,58,223.410547
1.0,56,223.421112
1.0,60,223.432353
1.0,52,223.442155
1.0,68,223.454937
1.0,60,223.466194
1.0,58,223.477103
1.0,54,223.487277
1.0,58,223.498196
1.0,64,223.51024
1.0,64,223.52226
1.0,60,223.533495
1.0,54,223.543653
1.0,56,223.554154
1.0,54,223.564329
1.0,70,223.577438
1.0,54,223.587591
1.0,56,223.598216
1.0,58,223.60911
1.0,54,223.619409
1.0,60,223.630663
1.0,56,223.641207
1.0,58,223.652119
1.0,60,223.663408
1.0,52,223.673182
1.0,56,223.683693
1.0,60,223.694952
1.0,54,223.705155
1.0,62,223.716831
1.0,60,223.728126
1.0,52,223.737961
1.0,62,223.749661
1.0,58,223.760684
1.0,54,223.770875
1.0,60,223.782204
1.0,62,223.793858
1.0,58,223.804861
1.0,62,223.816579
1.0,60,223.827823
1.0,54,223.837932
1.0,52,223.847656
1.0,58,223.85847
1.0,62,223.870086
1.0,64,223.882031
1.0,54,223.892127
1.0,58,223.902986
1.0,56,223.913427
1.0,60,223.924706
1.0,60,223.935915
1.0,52,223.945674
1.0,52,223.955394
1.0,54,223.965469
1.0,54,223.975545
1.0,52,223.985326
1.0,54,223.995428
1.0,54,224.005632
1.0,56,224.01611
1.0,56,224.026597
1.0,54,224.036739
1.0,60,224.047965
1.0,62,224.059561
1.0,56,224.069993
1.0,62,224.081532
1.0,56,224.092062
1.0,60,224.103248
1.0,50,224.112576
1.0,56,224.123036
1.0,56,224.133504
1.0,56,224.143937
1.0,52,224.153709
1.0,52,224.163388
1.0,64,224.175324
1.0,60,224.186544
1.0,50,224.195896
1.0,60,224.20724
1.0,56,224.21769
1.0,64,224.229598
1.0,56,224.240058
1.0,56,224.250515
1.0,56,224.261014
1.0,58,224.271821
1.0,60,224.282956
1.0,54,224.29308
1.0,52,224.30277
1.0,54,224.312843
1.0,56,224.323372
1.0,52,224.33307
1.0,58,224.343897
1.0,60,224.355075
1.0,60,224.366256
1.0,62,224.377896
1.0,58,224.388708
1.0,58,224.39953
1.0,52,224.409375
1.0,62,224.420982
1.0,54,224.431131
1.0,54,224.441198
1.0,58,224.452026
1.0,54,224.4621
1.0,56,224.47256
1.0,54,224.482648
1.0,60,224.493881
1.0,52,224.503606
1.0,58,224.514449
1.0,62,224.525992
1.0,54,224.536047
1.0,62,224.547644
1.0,64,224.559589
1.0,60,224.570747
1.0,68,224.583414
1.0,52,224.593141
1.0,56,224.603633
1.0,54,224.613861
1.0,54,224.623936
1.0,62,224.635467
1.0,56,224.645911
1.0,52,224.655686
1.0,54,224.665761
1.0,54,224.675835
1.0,56,224.686303
1.0,56,224.696728
1.0,64,224.708716
1.0,54,224.718778
1.0,54,224.728844
1.0,54,224.738924
1.0,52,224.748651
1.0,56,224.759096
1.0,52,224.768861
1.0,60,224.780128
1.0,58,224.790968
1.0,58,224.801757
1.0,62,224.813349
1.0,58,224.824366
1.0,64,224.836291
1.0,54,224.846405
1.0,58,224.857205
1.0,60,224.868391
1.0,62,224.879979
1.0,62,224.891538
1.0,60,224.90275
1.0,56,224.913184
1.0,68,224.925912
1.0,56,224.936434
1.0,62,224.947986
1.0,52,224.957663
1.0,54,224.967733
1.0,60,224.978908
1.0,70,224.991966
1.0,60,225.003156
1.0,66,225.015493
1.0,62,225.027172
1.0,56,225.037659
1.0,56,225.048193
1.0,64,225.060117
1.0,58,225.070986
1.0,57,225.081633
1.0,60,225.092822
1.0,60,225.104056
1.0,62,225.115611
1.0,62,225.127159
1.0,62,225.138706
1.0,56,225.149123
1.0,60,225.16035
1.0,56,225.170787
1.0,62,225.182363
1.0,56,225.192832
1.0,56,225.203264
1.0,50,225.212668
1.0,56,225.223208
1.0,62,225.234827
1.0,56,225.245308
1.0,60,225.256466
1.0,60,225.267714
1.0,54,225.277809
1.0,58,225.288651
1.0,70,225.301687
1.0,60,225.312885
1.0,60,225.324134
1.0,54,225.334243
1.0,72,225.347655
1.0,52,225.357362
1.0,56,225.367807
1.0,60,225.379063
1.0,56,225.389528
1.0,52,225.399246
1.0,54,225.409313
1.0,60,225.420503
1.0,54,225.430691
1.0,56,225.441187
1.0,56,225.451661
1.0,58,225.462468
1.0,62,225.474038
1.0,56,225.48451
1.0,58,225.495506
1.0,60,225.506712
1.0,58,225.517539
1.0,58,225.528354
1.0,52,225.538058
1.0,52,225.54784
1.0,52,225.557531
1.0,58,225.568341
1.0,54,225.57844
1.0,64,225.590371
1.0,60,225.601591
1.0,66,225.613932
1.0,52,225.623669
1.0,72,225.637183
1.0,58,225.64804
1.0,56,225.658524
1.0,56,225.669008
1.0,60,225.680175
1.0,52,225.689899
1.0,52,225.699608
1.0,56,225.710047
1.0,64,225.721998
1.0,60,225.733169
1.0,54,225.743246
1.0,62,225.754778
1.0,58,225.765569
1.0,58,225.776445
1.0,56,225.786868
1.0,58,225.797672
1.0,58,225.808489
1.0,54,225.818565
1.0,58,225.829446
1.0,54,225.839688
1.0,54,225.849759
1.0,54,225.859827
1.0,58,225.870679
1.0,58,225.881483
1.0,54,225.891597
1.0,54,225.901647
1.0,54,225.911732
1.0,54,225.92179
1.0,62,225.933347
1.0,72,225.946785
1.0,56,225.957202
1.0,60,225.968404
1.0,54,225.978476
1.0,62,225.990003
1.0,58,226.000896
1.0,58,226.011699
1.0,56,226.02211
1.0,54,226.032182
1.0,52,226.042012
1.0,56,226.052517
1.0,94,226.070154
1.0,62,226.081723
1.0,58,226.092527
1.0,66,226.104802
1.0,62,226.116419
1.0,56,226.126874
1.0,52,226.136565
1.0,56,226.147036
1.0,58,226.15785
1.0,60,226.169141
1.0,62,226.180722
1.0,52,226.190434
1.0,60,226.201596
1.0,56,226.212025
1.0,58,226.222895
1.0,54,226.232994
1.0,52,226.242744
1.0,62,226.254405
1.0,54,226.264489
1.0,60,226.275718
1.0,64,226.287656
1.0,56,226.298124
1.0,58,226.308992
1.0,62,226.320547
1.0,58,226.331393
1.0,56,226.341827
1.0,60,226.353032
1.0,56,226.36348
1.0,56,226.373964
1.0,62,226.385513
1.0,60,226.39679
1.0,58,226.407622
1.0,56,226.418071
1.0,54,226.428167
1.0,56,226.438626
1.0,68,226.451485
1.0,58,226.462302
1.0,52,226.471994
1.0,54,226.482044
1.0,58,226.492878
1.0,60,226.504141
1.0,56,226.514631
1.0,56,226.525079
1.0,52,226.534796
1.0,52,226.54449
1.0,64,226.556477
1.0,56,226.566904
1.0,68,226.579555
1.0,56,226.590006
1.0,60,226.601168
1.0,58,226.612048
1.0,56,226.6225
1.0,58,226.633373
1.0,58,226.644192
1.0,60,226.655494
1.0,62,226.667074
1.0,58,226.677886
1.0,64,226.689801
1.0,54,226.699867
1.0,60,226.711044
1.0,56,226.721462
1.0,52,226.731253
1.0,52,226.740969
1.0,54,226.75107
1.0,66,226.763368
1.0,56,226.773834
1.0,58,226.784729
1.0,60,226.795948
1.0,56,226.806369
1.0,62,226.817921
1.0,52,226.827656
1.0,60,226.838923
1.0,56,226.849375
1.0,56,226.85994
1.0,58,226.870772
1.0,58,226.881596
1.0,58,226.892475
1.0,58,226.903315
1.0,56,226.913786
1.0,60,226.924983
1.0,58,226.935798
1.0,56,226.946223
1.0,56,226.956763
1.0,52,226.966471
1.0,64,226.978378
1.0,54,226.988476
1.0,56,226.998899
1.0,60,227.010112
1.0,66,227.022394
1.0,66,227.034732
1.0,58,227.04556
1.0,60,227.056779
1.0,58,227.067757
1.0,54,227.077815
1.0,54,227.087896
1.0,62,227.099429
1.0,54,227.10952
1.0,56,227.120042
1.0,64,227.131972
1.0,54,227.14204
1.0,56,227.152481
1.0,56,227.162942
1.0,54,227.173062
1.0,54,227.183178
1.0,66,227.195427
1.0,60,227.206636
1.0,68,227.219323
1.0,58,227.230183
1.0,52,227.239905
1.0,50,227.249258
1.0,52,227.258995
1.0,58,227.270026
1.0,52,227.279756
1.0,56,227.290265
1.0,54,227.30034
1.0,56,227.310801
1.0,56,227.321212
1.0,58,227.332045
1.0,56,227.342551
1.0,52,227.352237
1.0,54,227.362396
1.0,62,227.373933
1.0,58,227.384764
1.0,66,227.397115
1.0,54,227.407212
1.0,60,227.418454
1.0,58,227.429253
1.0,52,227.438968
1.0,58,227.449783
1.0,54,227.459947
1.0,64,227.472018
1.0,64,227.48398
1.0,52,227.493695
1.0,54,227.503778
1.0,56,227.514276
1.0,60,227.525434
1.0,60,227.536619
1.0,56,227.547093
1.0,253,227.594717
1.0,64,227.606727
1.0,52,227.616478
1.0,58,227.627383
1.0,56,227.637879
1.0,54,227.648014
1.0,58,227.658881
1.0,62,227.670495
1.0,58,227.681532
1.0,62,227.693161
1.0,56,227.703631
1.0,56,227.714097
1.0,64,227.726079
1.0,60,227.737375
1.0,52,227.74712
1.0,50,227.756505
1.0,50,227.765887
1.0,50,227.775256
1.0,56,227.785776
1.0,62,227.797404
1.0,54,227.807507
1.0,66,227.819856
1.0,56,227.830323
1.0,54,227.84046
1.0,62,227.852146
1.0,58,227.863037
1.0,56,227.873524
1.0,58,227.884519
1.0,56,227.894992
1.0,52,227.904813
1.0,58,227.915664
1.0,54,227.925778
1.0,54,227.935907
1.0,60,227.947165
1.0,58,227.958069
1.0,56,227.968577
1.0,52,227.978313
1.0,52,227.988069
1.0,50,227.997458
1.0,52,228.007216
1.0,58,228.018135
1.0,60,228.029373
1.0,56,228.039808
1.0,52,228.049553
1.0,70,228.062665
1.0,56,228.073253
1.0,56,228.083875
1.0,52,228.093616
1.0,58,228.104468
1.0,54,228.114592
1.0,52,228.124372
1.0,58,228.135218
1.0,56,228.145697
1.0,50,228.155057
1.0,54,228.165171
1.0,54,228.175299
1.0,58,228.186177
1.0,56,228.196643
1.0,52,228.20638
1.0,56,228.216866
1.0,56,228.227317
1.0,56,228.237857
1.0,54,228.247974
1.0,52,228.257716
1.0,58,228.268545
1.0,60,228.279754
1.0,52,228.289613
1.0,50,228.299068
1.0,58,228.309934
1.0,58,228.320745
1.0,56,228.331225
1.0,56,228.341718
1.0,58,228.352618
1.0,60,228.36386
1.0,54,228.373964
1.0,64,228.385948
1.0,60,228.397211
1.0,56,228.407785
1.0,56,228.418293
1.0,58,228.429144
1.0,66,228.44148
1.0,50,228.450866
1.0,54,228.461047
1.0,52,228.470786
1.0,56,228.48126
1.0,58,228.492242
1.0,60,228.503469
1.0,62,228.515092
1.0,56,228.525659
1.0,56,228.536124
1.0,58,228.546991
1.0,56,228.557482
1.0,64,228.569458
1.0,56,228.580023
1.0,56,228.590497
1.0,52,228.600264
1.0,62,228.611902
1.0,58,228.622762
1.0,60,228.634043
1.0,60,228.645267
1.0,54,228.655402
1.0,58,228.66625
1.0,50,228.675637
1.0,54,228.685822
1.0,58,228.696806
1.0,56,228.707298
1.0,54,228.7174
1.0,54,228.727511
1.0,56,228.738001
1.0,54,228.748197
1.0,58,228.759054
1.0,58,228.769878
1.0,60,228.781075
1.0,60,228.792285
1.0,60,228.80359
1.0,56,228.814061
1.0,68,228.826774
1.0,60,228.837967
1.0,64,228.849898
1.0,60,228.861175
1.0,58,228.872034
1.0,62,228.883657
1.0,56,228.894157
1.0,52,228.904055
1.0,62,228.915714
1.0,58,228.926589
1.0,62,228.93818
1.0,58,228.949036
1.0,52,228.958797
1.0,56,228.969335
1.0,56,228.979838
1.0,60,228.991073
1.0,60,229.002324
1.0,54,229.012444
1.0,70,229.025596
1.0,52,229.035353
1.0,54,229.045488
1.0,56,229.056012
1.0,58,229.066907
1.0,54,229.077079
1.0,54,229.087185
1.0,58,229.098051
1.0,54,229.108299
1.0,56,229.118802
1.0,54,229.128942
1.0,56,229.139465
1.0,54,229.149573
1.0,52,229.159318
1.0,52,229.169038
1.0,58,229.179897
1.0,60,229.191194
1.0,64,229.203192
1.0,58,229.21405
1.0,66,229.226377
1.0,58,229.237347
1.0,62,229.249016
1.0,54,229.259125
1.0,58,229.269956
1.0,54,229.280061
1.0,56,229.290554
1.0,54,229.300717
1.0,64,229.3128
1.0,54,229.32291
1.0,54,229.333025
1.0,66,229.345362
1.0,60,229.356656
1.0,54,229.366771
1.0,56,229.377258
1.0,50,229.386635
1.0,58,229.397496
1.0,60,229.408703
1.0,50,229.418139
1.0,50,229.427501
1.0,58,229.438333
1.0,58,229.449194
1.0,54,229.459284
1.0,62,229.470891
1.0,62,229.482487
1.0,64,229.494436
1.0,60,229.505654
1.0,50,229.515131
1.0,58,229.526049
1.0,54,229.536175
1.0,54,229.546266
1.0,56,229.556734
1.0,56,229.567344
1.0,62,229.57901
1.0,54,229.589185
1.0,56,229.599696
1.0,68,229.612473
1.0,56,229.622991
1.0,52,229.632731
1.0,52,229.642552
1.0,58,229.653394
1.0,56,229.66388
1.0,60,229.675116
1.0,56,229.685605
1.0,66,229.697999
1.0,56,229.708519
1.0,64,229.720622
1.0,54,229.730765
1.0,66,229.743109
1.0,50,229.752525
1.0,52,229.76228
1.0,60,229.773499
1.0,56,229.783979
1.0,60,229.795197
1.0,62,229.806854
1.0,58,229.817713
1.0,60,229.828953
1.0,54,229.839079
1.0,72,229.852525
1.0,68,229.865264
1.0,52,229.87501
1.0,56,229.885487
1.0,52,229.895236
1.0,56,229.905707
1.0,54,229.915985
1.0,56,229.926458
1.0,56,229.936924
1.0,56,229.947394
1.0,54,229.957506
1.0,62,229.969212
1.0,62,229.980874
1.0,54,229.991003
1.0,52,230.000711
1.0,60,230.011887
1.0,56,230.022406
1.0,54,230.032586
1.0,60,230.04382
1.0,60,230.055048
1.0,50,230.064415
1.0,58,230.075259
1.0,58,230.086165
1.0,52,230.095925
1.0,54,230.106035
1.0,56,230.116525
1.0,52,230.126374
1.0,50,230.135753
1.0,56,230.146299
1.0,56,230.156742
1.0,52,230.166469
1.0,58,230.177285
1.0,56,230.187769
1.0,50,230.197205
1.0,64,230.209171
1.0,54,230.219296
1.0,56,230.229776
1.0,52,230.239504
1.0,58,230.250311
1.0,56,230.260832
1.0,52,230.27058
1.0,54,230.28068
1.0,52,230.290381
1.0,58,230.301221
1.0,58,230.312128
1.0,68,230.325004
1.0,50,230.334368
1.0,56,230.344855
1.0,56,230.355319
1.0,52,230.365098
1.0,56,230.375575
1.0,56,230.386037
1.0,52,230.395747
1.0,60,230.406959
1.0,56,230.417448
1.0,66,230.429843
1.0,58,230.440697
1.0,64,230.452641
1.0,56,230.463116
1.0,58,230.473937
1.0,52,230.483734
1.0,58,230.494531
1.0,58,230.505354
1.0,52,230.515084
1.0,52,230.524824
1.0,62,230.536615
1.0,50,230.545971
1.0,56,230.556433
1.0,60,230.567647
1.0,60,230.578856
1.0,60,230.590148
1.0,62,230.601729
1.0,54,230.611823
1.0,54,230.621979
1.0,56,230.63246
1.0,56,230.642959
1.0,60,230.654198
1.0,60,230.665412
1.0,58,230.676251
1.0,56,230.686692
1.0,56,230.69717
1.0,68,230.709904
1.0,56,230.720379
1.0,66,230.732831
1.0,56,230.743312
1.0,56,230.753765
1.0,58,230.764661
1.0,60,230.775903
1.0,54,230.786016
1.0,60,230.797227
1.0,64,230.809169
1.0,52,230.818963
1.0,56,230.829419
1.0,54,230.83954
1.0,60,230.850767
1.0,60,230.862057
1.0,60,230.873336
1.0,52,230.8831
1.0,64,230.895063
1.0,62,230.906641
1.0,60,230.917883
1.0,58,230.928837
1.0,56,230.939466
1.0,56,230.94994
1.0,54,230.960067
1.0,60,230.971327
1.0,52,230.98114
1.0,54,230.991242
1.0,64,231.003182
1.0,56,231.013666
1.0,54,231.023748
1.0,52,231.033436
1.0,58,231.04436
1.0,58,231.055182
1.0,52,231.064909
1.0,58,231.075766
1.0,56,231.086215
1.0,58,231.097109
1.0,58,231.108051
1.0,58,231.118879
1.0,58,231.129707
1.0,56,231.14029
1.0,52,231.150103
1.0,56,231.160597
1.0,54,231.17071
1.0,54,231.180798
1.0,52,231.190522
1.0,56,231.200958
1.0,60,231.212246
1.0,66,231.224584
1.0,54,231.234699
1.0,62,231.246303
1.0,62,231.257885
1.0,66,231.270229
1.0,50,231.279585
1.0,56,231.290075
1.0,54,231.300164
1.0,54,231.310295
1.0,52,231.320062
1.0,60,231.331291
1.0,54,231.341387
1.0,52,231.351269
1.0,54,231.361372
1.0,58,231.372227
1.0,60,231.383449
1.0,58,231.394276
1.0,62,231.40585
1.0,54,231.415984
1.0,58,231.426874
1.0,56,231.437365
1.0,54,231.447456
1.0,56,231.457928
1.0,52,231.467668
1.0,52,231.477434
1.0,54,231.487671
1.0,56,231.498136
1.0,54,231.50825
1.0,58,231.519107
1.0,60,231.530318
1.0,58,231.541225
1.0,66,231.553686
1.0,52,231.563442
1.0,54,231.573541
1.0,56,231.58401
1.0,56,231.594471
1.0,58,231.605283
1.0,66,231.617632
1.0,56,231.628208
1.0,58,231.63905
1.0,52,231.648793
1.0,56,231.659331
1.0,60,231.67057
1.0,52,231.680295
1.0,60,231.691485
1.0,60,231.702673
1.0,60,231.71392
1.0,60,231.725145
1.0,60,231.736345
1.0,58,231.747181
1.0,56,231.757756
1.0,56,231.76829
1.0,52,231.777985
1.0,54,231.788068
1.0,58,231.798882
1.0,62,231.810454
1.0,60,231.821683
1.0,58,231.832514
1.0,56,231.842941
1.0,56,231.853388
1.0,54,231.863472
1.0,56,231.873907
1.0,54,231.884032
1.0,56,231.894497
1.0,58,231.905326
1.0,58,231.916172
1.0,56,231.926616
1.0,54,231.936752
1.0,60,231.947932
1.0,62,231.959624
1.0,58,231.970475
1.0,54,231.98056
1.0,50,231.989876
1.0,58,232.000704
1.0,52,232.010414
1.0,54,232.020502
1.0,60,232.03166
1.0,56,232.042103
1.0,52,232.051857
1.0,56,232.062336
1.0,50,232.071683
1.0,56,232.082133
1.0,50,232.091486
1.0,62,232.10303
1.0,56,232.113466
1.0,60,232.124641
1.0,56,232.135108
1.0,52,232.144819
1.0,56,232.155272
1.0,54,232.165492
1.0,54,232.175563
1.0,56,232.18604
1.0,56,232.196507
1.0,60,232.207682
1.0,58,232.218508
1.0,56,232.228973
1.0,64,232.240891
1.0,62,232.25249
1.0,62,232.264091
1.0,54,232.274235
1.0,58,232.285033
1.0,52,232.294747
1.0,56,232.305173
1.0,56,232.315641
1.0,56,232.326159
1.0,58,232.337001
1.0,60,232.348205
1.0,56,232.358656
1.0,54,232.368877
1.0,58,232.379715
1.0,62,232.391295
1.0,54,232.401391
1.0,54,232.411516
1.0,60,232.422711
1.0,56,232.433173
1.0,56,232.443635
1.0,54,232.453745
1.0,60,232.464942
1.0,52,232.474687
1.0,52,232.484413
1.0,56,232.494859
1.0,50,232.50422
1.0,54,232.514299
1.0,54,232.524362
1.0,58,232.535202
1.0,56,232.545644
1.0,62,232.557201
1.0,52,232.566971
1.0,62,232.578609
1.0,62,232.590183
1.0,50,232.599534
1.0,70,232.612594
1.0,68,232.625258
1.0,58,232.636076
1.0,52,232.645782
1.0,54,232.65587
1.0,54,232.665982
1.0,56,232.676438
1.0,58,232.687246
1.0,56,232.697727
1.0,56,232.708161
1.0,56,232.718614
1.0,62,232.73016
1.0,58,232.740996
1.0,66,232.753295
1.0,58,232.764114
1.0,56,232.774718
1.0,54,232.78479
1.0,60,232.796015
1.0,60,232.807194
1.0,52,232.816881
1.0,54,232.826939
1.0,54,232.837037
1.0,56,232.847488
1.0,52,232.857182
1.0,62,232.868745
1.0,54,232.878824
1.0,62,232.89039
1.0,56,232.900817
1.0,60,232.911982
1.0,60,232.923153
1.0,52,232.93285
1.0,56,232.943309
1.0,56,232.953754
1.0,54,232.96385
1.0,56,232.974297
1.0,62,232.986099
1.0,56,232.996567
1.0,64,233.00852
1.0,58,233.019325
1.0,60,233.030517
1.0,54,233.040591
1.0,60,233.051787
1.0,56,233.06223
1.0,54,233.0723
1.0,52,233.082009
1.0,68,233.09468
1.0,64,233.106613
1.0,52,233.116329
1.0,58,233.127147
1.0,58,233.137974
1.0,54,233.148068
1.0,58,233.158894
1.0,62,233.17052
1.0,54,233.180747
1.0,52,233.190462
1.0,56,233.200887
1.0,58,233.211702
1.0,52,233.22146
1.0,58,233.23228
1.0,54,233.24237
1.0,52,233.252142
1.0,56,233.265617
1.0,54,233.275998
1.0,62,233.287721
1.0,54,233.29788
1.0,56,233.308326
1.0,60,233.319584
1.0,58,233.330405
1.0,52,233.340123
1.0,62,233.351683
1.0,78,233.366264
1.0,56,233.376741
1.0,60,233.388197
1.0,58,233.399059
1.0,56,233.409511
1.0,56,233.420001
1.0,56,233.43049
1.0,60,233.441732
1.0,60,233.452988
1.0,66,233.465358
1.0,56,233.475832
1.0,50,233.485198
1.0,62,233.496798
1.0,58,233.50766
1.0,56,233.518138
1.0,52,233.52788
1.0,54,233.537969
1.0,57,233.548611
1.0,50,233.557973
1.0,64,233.569914
1.0,54,233.580001
1.0,56,233.590551
1.0,54,233.600627
1.0,56,233.611074
1.0,54,233.621139
1.0,60,233.63234
1.0,56,233.642768
1.0,56,233.65321
1.0,56,233.663687
1.0,56,233.674149
1.0,56,233.684621
1.0,62,233.696187
1.0,58,233.707017
1.0,56,233.71747
1.0,58,233.728271
1.0,58,233.739175
1.0,58,233.750016
1.0,62,233.761571
1.0,52,233.771289
1.0,54,233.781374
1.0,58,233.792355
1.0,62,233.803907
1.0,64,233.815883
1.0,64,233.827813
1.0,54,233.837877
1.0,54,233.847949
1.0,60,233.859168
1.0,56,233.869642
1.0,58,233.880512
1.0,52,233.890217
1.0,56,233.900695
1.0,52,233.910413
1.0,60,233.921604
1.0,56,233.932082
1.0,62,233.943678
1.0,58,233.954529
1.0,54,233.96463
1.0,60,233.975827
1.0,52,233.985523
1.0,62,233.997226
1.0,62,234.008839
1.0,54,234.018948
1.0,56,234.02941
1.0,54,234.039493
1.0,50,234.04884
1.0,54,234.058935
1.0,58,234.069772
1.0,62,234.081364
1.0,62,234.092942
1.0,58,234.103745
1.0,58,234.1146
1.0,58,234.125519
1.0,58,234.136378
1.0,58,234.147229
1.0,56,234.157723
1.0,58,234.168621
1.0,56,234.179232
1.0,60,234.190526
1.0,60,234.201894
1.0,60,234.213177
1.0,58,234.224049
1.0,64,234.235996
1.0,58,234.246851
1.0,52,234.256579
1.0,58,234.267402
1.0,54,234.27748
1.0,56,234.287937
1.0,56,234.298394
1.0,66,234.310798
1.0,56,234.321249
1.0,58,234.33208
1.0,58,234.342965
1.0,58,234.35379
1.0,60,234.365059
1.0,56,234.375571
1.0,56,234.386041
1.0,52,234.395853
1.0,66,234.408314
1.0,52,234.418075
1.0,66,234.430385
1.0,58,234.441218
1.0,66,234.453565
1.0,64,234.465478
1.0,62,234.477069
1.0,54,234.48716
1.0,54,234.497263
1.0,56,234.507817
1.0,54,234.517902
1.0,58,234.528737
1.0,56,234.539246
1.0,56,234.54971
1.0,58,234.560565
1.0,56,234.57111
1.0,64,234.583088
1.0,56,234.593587
1.0,60,234.604772
1.0,54,234.61504
1.0,54,234.625115
1.0,60,234.63632
1.0,52,234.646028
1.0,56,234.656543
1.0,60,234.667778
1.0,60,234.679133
1.0,58,234.690037
1.0,54,234.700246
1.0,58,234.71112
1.0,60,234.72237
1.0,52,234.732165
1.0,58,234.743016
1.0,54,234.753111
1.0,64,234.765054
1.0,60,234.776248
1.0,54,234.786344
1.0,60,234.797589
1.0,54,234.807692
1.0,56,234.818277
1.0,60,234.829497
1.0,70,234.842609
1.0,58,234.853693
1.0,54,234.863847
1.0,58,234.874718
1.0,62,234.886307
1.0,54,234.896415
1.0,56,234.906945
1.0,54,234.917052
1.0,62,234.928654
1.0,58,234.939522
1.0,58,234.9504
1.0,62,234.962072
1.0,54,234.972173
1.0,50,234.981522
1.0,60,234.992734
1.0,52,235.002447
1.0,58,235.013354
1.0,60,235.024709
1.0,56,235.035173
1.0,64,235.047129
1.0,60,235.058329
1.0,56,235.06882
1.0,58,235.079634
1.0,58,235.090469
1.0,60,235.101673
1.0,54,235.1118
1.0,60,235.122999
1.0,58,235.133805
1.0,56,235.144264
1.0,50,235.15361
1.0,60,235.164846
1.0,54,235.174941
1.0,54,235.184978
1.0,56,235.195415
1.0,58,235.20618
1.0,54,235.216234
1.0,54,235.226439
1.0,58,235.237269
1.0,56,235.247706
1.0,52,235.257387
1.0,64,235.269296
1.0,62,235.280814
1.0,64,235.292738
1.0,50,235.302071
1.0,60,235.313223
1.0,54,235.323313
1.0,52,235.333012
1.0,60,235.344202
1.0,56,235.354645
1.0,56,235.365098
1.0,60,235.376318
1.0,58,235.387122
1.0,52,235.396807
1.0,60,235.407979
1.0,58,235.418796
1.0,52,235.428631
1.0,58,235.439419
1.0,62,235.450962
1.0,58,235.461792
1.0,58,235.472621
1.0,54,235.482712
1.0,56,235.493189
1.0,64,235.505093
1.0,56,235.515564
1.0,58,235.526364
1.0,54,235.53645
1.0,54,235.546504
1.0,62,235.558029
1.0,56,235.568467
1.0,170,235.600515
1.0,56,235.610991
1.0,52,235.620736
1.0,56,235.631361
1.0,54,235.641519
1.0,60,235.652757
1.0,56,235.663254
1.0,64,235.675246
1.0,52,235.685072
1.0,52,235.694826
1.0,58,235.705648
1.0,64,235.717611
1.0,58,235.728476
1.0,56,235.738972
1.0,58,235.749831
1.0,54,235.759922
1.0,52,235.769661
1.0,58,235.780517
1.0,58,235.79134
1.0,54,235.80151
1.0,54,235.811638
1.0,54,235.82174
1.0,54,235.831983
1.0,54,235.842102
1.0,66,235.854435
1.0,58,235.865301
1.0,54,235.87541
1.0,54,235.885535
1.0,58,235.896353
1.0,54,235.90645
1.0,58,235.917303
1.0,58,235.928162
1.0,60,235.939374
1.0,58,235.950242
1.0,62,235.961825
1.0,50,235.971194
1.0,54,235.981328
1.0,64,235.993308
1.0,66,236.005695
1.0,72,236.019179
1.0,58,236.030061
1.0,54,236.040329
1.0,54,236.050446
1.0,56,236.060964
1.0,54,236.071103
1.0,56,236.081596
1.0,58,236.092461
1.0,50,236.101824
1.0,52,236.111555
1.0,60,236.122755
1.0,58,236.133647
1.0,64,236.145637
1.0,50,236.155028
1.0,56,236.165513
1.0,58,236.176384
1.0,66,236.188776
1.0,50,236.198166
1.0,56,236.208655
1.0,56,236.219156
1.0,56,236.229702
1.0,58,236.240713
1.0,52,236.250437
1.0,52,236.260204
1.0,58,236.271048
1.0,62,236.282654
1.0,54,236.292761
1.0,66,236.305125
1.0,64,236.317081
1.0,56,236.327577
1.0,64,236.339527
1.0,54,236.349631
1.0,56,236.36014
1.0,56,236.370607
1.0,54,236.380752
1.0,62,236.392357
1.0,56,236.402869
1.0,58,236.413673
1.0,64,236.425653
1.0,64,236.437688
1.0,54,236.447988
1.0,54,236.458154
1.0,58,236.469024
1.0,56,236.479541
1.0,58,236.490397
1.0,58,236.501231
1.0,54,236.511292
1.0,62,236.522916
1.0,54,236.533039
1.0,54,236.543167
1.0,62,236.554781
1.0,58,236.565647
1.0,60,236.576853
1.0,54,236.587022
1.0,60,236.598268
1.0,58,236.609109
1.0,58,236.619959
1.0,58,236.630829
1.0,52,236.640558
1.0,60,236.651902
1.0,56,236.66239
1.0,54,236.672496
1.0,60,236.683681
1.0,50,236.693054
1.0,58,236.703895
1.0,60,236.715091
1.0,58,236.726034
1.0,54,236.736139
1.0,60,236.747394
1.0,56,236.757859
1.0,50,236.767227
1.0,52,236.776986
1.0,56,236.787485
1.0,54,236.797652
1.0,64,236.809701
1.0,58,236.820607
1.0,58,236.831521
1.0,58,236.842411
1.0,60,236.853783
1.0,60,236.865003
1.0,54,236.875167
1.0,60,236.886404
1.0,66,236.898746
1.0,56,236.909252
1.0,62,236.920804
1.0,56,236.9313
1.0,56,236.941801
1.0,72,236.955266
1.0,52,236.96501
1.0,58,236.975884
1.0,56,236.986372
1.0,68,236.999115
1.0,58,237.009977
1.0,60,237.021214
1.0,74,237.035041
1.0,54,237.045158
1.0,54,237.055372
1.0,50,237.064772
1.0,58,237.075637
1.0,56,237.086145
1.0,50,237.095533
1.0,62,237.107176
1.0,58,237.118065
1.0,56,237.128577
1.0,52,237.138348
1.0,58,237.149247
1.0,54,237.15941
1.0,60,237.170656
1.0,64,237.1826
1.0,54,237.192724
1.0,56,237.203243
1.0,54,237.213363
1.0,52,237.223113
1.0,62,237.234727
1.0,68,237.247428
1.0,60,237.258677
1.0,56,237.269245
1.0,60,237.280486
1.0,50,237.289825
1.0,52,237.29959
1.0,56,237.310074
1.0,56,237.320584
1.0,52,237.330313
1.0,56,237.340789
1.0,52,237.350523
1.0,54,237.36061
1.0,56,237.371084
1.0,68,237.383807
1.0,54,237.393904
1.0,52,237.403615
1.0,52,237.413361
1.0,58,237.424209
1.0,52,237.433948
1.0,58,237.444791
1.0,58,237.455645
1.0,56,237.466254
1.0,56,237.476716
1.0,54,237.486821
1.0,60,237.498036
1.0,68,237.510752
1.0,54,237.520835
1.0,58,237.531695
1.0,64,237.543662
1.0,58,237.554513
1.0,58,237.565354
1.0,56,237.575829
1.0,56,237.586298
1.0,62,237.597922
1.0,58,237.608777
1.0,54,237.618884
1.0,56,237.62938
1.0,62,237.640936
1.0,62,237.652593
1.0,60,237.663815
1.0,58,237.674765
1.0,58,237.685659
1.0,54,237.695791
1.0,60,237.70703
1.0,56,237.717522
1.0,54,237.727652
1.0,54,237.737784
1.0,54,237.748272
1.0,52,237.758016
1.0,52,237.76776
1.0,58,237.778596
1.0,60,237.789819
1.0,70,237.80289
1.0,62,237.814438
1.0,58,237.825276
1.0,54,237.835392
1.0,64,237.847434
1.0,52,237.857138
1.0,56,237.867625
1.0,58,237.878602
1.0,68,237.891298
1.0,56,237.901775
1.0,58,237.912645
1.0,52,237.922419
1.0,52,237.932173
1.0,54,237.942275
1.0,56,237.952747
1.0,58,237.963603
1.0,56,237.974058
1.0,50,237.983417
1.0,52,237.993124
1.0,54,238.003218
1.0,56,238.013701
1.0,58,238.02452
1.0,58,238.03537
1.0,62,238.046941
1.0,66,238.059261
1.0,54,238.06937
1.0,66,238.081799
1.0,56,238.09226
1.0,58,238.103104
1.0,58,238.113956
1.0,60,238.125158
1.0,54,238.135254
1.0,56,238.145722
1.0,50,238.155094
1.0,72,238.168514
1.0,58,238.179341
1.0,62,238.190949
1.0,54,238.201037
1.0,58,238.211893
1.0,54,238.222008
1.0,52,238.23175
1.0,56,238.242223
1.0,54,238.252302
1.0,60,238.263511
1.0,58,238.27435
1.0,54,238.284577
1.0,64,238.296513
1.0,54,238.306604
1.0,56,238.317038
1.0,58,238.327862
1.0,54,238.337981
1.0,56,238.348433
1.0,54,238.358531
1.0,56,238.368981
1.0,56,238.379443
1.0,66,238.391778
1.0,56,238.402239
1.0,60,238.413464
1.0,52,238.423203
1.0,64,238.43515
1.0,52,238.444867
1.0,50,238.454216
1.0,52,238.463957
1.0,52,238.473688
1.0,52,238.483517
1.0,62,238.495108
1.0,60,238.506349
1.0,60,238.517599
1.0,58,238.528439
1.0,56,238.538988
1.0,54,238.549119
1.0,52,238.558896
1.0,58,238.569735
1.0,58,238.580607
1.0,56,238.591081
1.0,56,238.601669
1.0,54,238.611787
1.0,54,238.621894
1.0,66,238.634217
1.0,56,238.644689
1.0,58,238.655512
1.0,64,238.667452
1.0,58,238.678283
1.0,52,238.688159
1.0,52,238.697858
1.0,62,238.709545
1.0,56,238.720046
1.0,58,238.730888
1.0,56,238.741334
1.0,56,238.751788
1.0,60,238.763031
1.0,58,238.773879
1.0,56,238.784349
1.0,60,238.795547
1.0,64,238.807528
1.0,54,238.817617
1.0,56,238.828139
1.0,62,238.839714
1.0,56,238.850159
1.0,56,238.860637
1.0,52,238.870368
1.0,64,238.882376
1.0,54,238.892596
1.0,58,238.90344
1.0,56,238.913919
1.0,62,238.925501
1.0,59,238.936571
1.0,56,238.94705
1.0,58,238.95789
1.0,54,238.967994
1.0,56,238.978463
1.0,54,238.98861
1.0,52,238.998317
1.0,56,239.008777
1.0,56,239.019251
1.0,54,239.029337
1.0,50,239.038675
1.0,50,239.048071
1.0,54,239.058163
1.0,67,239.070632
1.0,54,239.080719
1.0,62,239.092292
1.0,52,239.102182
1.0,54,239.112296
1.0,62,239.123889
1.0,50,239.133239
1.0,54,239.143346
1.0,58,239.154188
1.0,56,239.16471
1.0,58,239.175615
1.0,54,239.185748
1.0,60,239.196923
1.0,60,239.208106
1.0,62,239.219722
1.0,56,239.230165
1.0,56,239.240603
1.0,56,239.251049
1.0,52,239.260754
1.0,58,239.271643
1.0,60,239.282843
1.0,56,239.293317
1.0,54,239.303584
1.0,58,239.314439
1.0,54,239.32457
1.0,54,239.334659
1.0,58,239.345486
1.0,56,239.355961
1.0,60,239.36725
1.0,54,239.377356
1.0,54,239.387454
1.0,54,239.39753
1.0,54,239.40763
1.0,70,239.420741
1.0,50,239.430083
1.0,54,239.440248
1.0,64,239.452221
1.0,56,239.46267
1.0,52,239.472398
1.0,56,239.482838
1.0,54,239.492972
1.0,58,239.503811
1.0,56,239.514425
1.0,54,239.524507
1.0,60,239.535736
1.0,54,239.545832
1.0,54,239.555997
1.0,64,239.567941
1.0,62,239.579506
1.0,50,239.588849
1.0,54,239.598943
1.0,72,239.612438
1.0,56,239.622921
1.0,58,239.633726
1.0,50,239.643148
1.0,54,239.653239
1.0,52,239.662972
1.0,54,239.673074
1.0,56,239.683513
1.0,52,239.693235
1.0,54,239.703337
1.0,54,239.713557
1.0,58,239.724401
1.0,62,239.735983
1.0,56,239.746471
1.0,60,239.757652
1.0,52,239.76741
1.0,54,239.777472
1.0,58,239.788328
1.0,54,239.798423
1.0,54,239.808524
1.0,56,239.818999
1.0,58,239.829833
1.0,54,239.839977
1.0,70,239.853038
1.0,60,239.864252
1.0,60,239.875481
1.0,52,239.885257
1.0,56,239.895778
1.0,52,239.90552
1.0,60,239.916844
1.0,58,239.92771
1.0,58,239.938577
1.0,52,239.948339
1.0,54,239.958482
1.0,56,239.968973
1.0,60,239.980203
1.0,72,239.993656
1.0,56,240.004172
1.0,52,240.013912
1.0,66,240.026278
1.0,54,240.036439
1.0,58,240.047297
1.0,58,240.05818
1.0,52,240.067946
1.0,56,240.07845
1.0,56,240.088937
1.0,52,240.098702
1.0,58,240.109581
1.0,54,240.119874
1.0,56,240.130389
1.0,54,240.140545
1.0,56,240.151042
1.0,56,240.161586
1.0,60,240.172861
1.0,52,240.182629
1.0,54,240.192821
1.0,56,240.203318
1.0,58,240.21426
1.0,60,240.225552
1.0,60,240.236844
1.0,56,240.24742
1.0,54,240.257618
1.0,52,240.267398
1.0,60,240.27869
1.0,62,240.290314
1.0,56,240.300864
1.0,52,240.310635
1.0,60,240.321897
1.0,56,240.332579
1.0,56,240.343166
1.0,64,240.355133
1.0,60,240.366407
1.0,54,240.376554
1.0,50,240.38593
1.0,62,240.397595
1.0,52,240.407356
1.0,58,240.418239
1.0,62,240.429897
1.0,50,240.439302
1.0,56,240.449793
1.0,56,240.460292
1.0,64,240.472398
1.0,58,240.483337
1.0,56,240.493788
1.0,54,240.503881
1.0,54,240.514004
1.0,60,240.525248
1.0,54,240.535531
1.0,54,240.545668
1.0,56,240.556192
1.0,60,240.567412
1.0,56,240.577863
1.0,54,240.587974
1.0,54,240.59807
1.0,64,240.61004
1.0,58,240.62092
1.0,52,240.630689
1.0,56,240.641173
1.0,54,240.651339
1.0,52,240.661125
1.0,56,240.671665
1.0,54,240.681786
1.0,62,240.693429
1.0,60,240.704684
1.0,56,240.715177
1.0,58,240.72607
1.0,54,240.736326
1.0,56,240.746853
1.0,58,240.757746
1.0,58,240.76862
1.0,62,240.78026
1.0,66,240.792657
1.0,52,240.802411
1.0,56,240.812944
1.0,50,240.822351
1.0,54,240.832502
1.0,52,240.842246
1.0,56,240.852758
1.0,54,240.862916
1.0,52,240.87267
1.0,58,240.883537
1.0,60,240.894795
1.0,58,240.905663
1.0,54,240.915792
1.0,50,240.925172
1.0,64,240.937302
1.0,60,240.948552
1.0,58,240.959425
1.0,54,240.969498
1.0,58,240.980385
1.0,60,240.991592
1.0,50,241.000961
1.0,50,241.010353
1.0,56,241.020849
1.0,54,241.030988
1.0,58,241.041837
1.0,54,241.051958
1.0,52,241.0617
1.0,58,241.072594
1.0,58,241.083486
1.0,60,241.094754
1.0,52,241.104524
1.0,58,241.115424
1.0,56,241.125955
1.0,58,241.136852
1.0,64,241.149005
1.0,50,241.158443
1.0,60,241.169668
1.0,54,241.179786
1.0,58,241.190669
1.0,54,241.200783
1.0,64,241.212793
1.0,58,241.223638
1.0,60,241.234864
1.0,58,241.24569
1.0,58,241.256535
1.0,52,241.266262
1.0,56,241.276748
1.0,56,241.287226
1.0,58,241.298056
1.0,56,241.308555
1.0,62,241.320174
1.0,62,241.331784
1.0,56,241.342288
1.0,52,241.352162
1.0,52,241.36192
1.0,56,241.372414
1.0,58,241.383283
1.0,58,241.39416
1.0,54,241.404282
1.0,56,241.414825
1.0,58,241.425672
1.0,60,241.43691
1.0,52,241.446651
1.0,60,241.457917
1.0,52,241.467708
1.0,58,241.478595
1.0,56,241.48913
1.0,54,241.499275
1.0,50,241.50867
1.0,60,241.519948
1.0,56,241.530465
1.0,58,241.541337
1.0,60,241.55272
1.0,52,241.562488
1.0,58,241.573344
1.0,54,241.583448
1.0,62,241.595036
1.0,56,241.605509
1.0,56,241.61598
1.0,56,241.626456
1.0,62,241.638047
1.0,58,241.64891
1.0,58,241.659765
1.0,56,241.670204
1.0,52,241.679977
1.0,66,241.692308
1.0,62,241.703936
1.0,54,241.71404
1.0,60,241.725271
1.0,56,241.735755
1.0,74,241.749581
1.0,56,241.760225
1.0,58,241.771132
1.0,66,241.783543
1.0,56,241.794065
1.0,50,241.803472
1.0,58,241.814328
1.0,56,241.824825
1.0,52,241.834558
1.0,62,241.846153
1.0,58,241.857037
1.0,58,241.867913
1.0,56,241.878449
1.0,56,241.888902
1.0,60,241.900124
1.0,62,241.911766
1.0,54,241.921896
1.0,54,241.932011
1.0,54,241.942143
1.0,62,241.95376
1.0,54,241.96401
1.0,60,241.975208
1.0,62,241.9868
1.0,60,241.998009
1.0,52,242.007749
1.0,54,242.017861
1.0,60,242.029099
1.0,54,242.039198
1.0,54,242.049308
1.0,56,242.059804
1.0,54,242.069936
1.0,54,242.080026
1.0,60,242.091247
1.0,65,242.103434
1.0,60,242.114655
1.0,54,242.124764
1.0,62,242.136371
1.0,62,242.147977
1.0,54,242.15812
1.0,66,242.170609
1.0,56,242.181083
1.0,60,242.192294
1.0,52,242.202011
1.0,64,242.213969
1.0,66,242.226285
1.0,54,242.236392
1.0,56,242.246886
1.0,56,242.257385
1.0,54,242.267488
1.0,62,242.279081
1.0,54,242.2892
1.0,66,242.301539
1.0,60,242.312784
1.0,56,242.323278
1.0,58,242.334173
1.0,52,242.343968
1.0,60,242.355336
1.0,56,242.365981
1.0,68,242.37878
1.0,58,242.389714
1.0,52,242.399602
1.0,62,242.411442
1.0,62,242.423094
1.0,56,242.433591
1.0,62,242.445219
1.0,60,242.45646
1.0,56,242.46697
1.0,52,242.476741
1.0,58,242.487616
1.0,52,242.497356
1.0,54,242.507478
1.0,56,242.517969
1.0,54,242.528095
1.0,50,242.537475
1.0,52,242.547243
1.0,54,242.557339
1.0,60,242.568692
1.0,56,242.579215
1.0,60,242.590453
1.0,54,242.600571
1.0,54,242.610691
1.0,60,242.621894
1.0,64,242.633862
1.0,64,242.645838
1.0,54,242.655975
1.0,54,242.666077
1.0,58,242.676917
1.0,64,242.68887
1.0,62,242.700477
1.0,52,242.710213
1.0,62,242.721793
1.0,64,242.733777
1.0,54,242.743906
1.0,54,242.754017
1.0,54,242.764133
1.0,60,242.7755
1.0,56,242.786069
1.0,52,242.795868
1.0,56,242.806411
1.0,52,242.816224
1.0,64,242.828229
1.0,60,242.83951
1.0,60,242.850899
1.0,58,242.861882
1.0,60,242.873222
1.0,54,242.883409
1.0,62,242.895115
1.0,66,242.907536
1.0,52,242.917399
1.0,56,242.927982
1.0,56,242.938535
1.0,56,242.949112
1.0,56,242.959695
1.0,56,242.970255
1.0,52,242.980177
1.0,60,242.99146
1.0,58,243.002335
1.0,54,243.012469
1.0,54,243.022614
1.0,60,243.033851
1.0,56,243.044349
1.0,52,243.054115
1.0,54,243.064234
1.0,54,243.074346
1.0,50,243.083744
1.0,56,243.094221
1.0,58,243.105072
1.0,54,243.115186
1.0,54,243.125303
1.0,52,243.13504
1.0,56,243.145545
1.0,56,243.156034
1.0,56,243.166518
1.0,52,243.176276
1.0,56,243.186914
1.0,54,243.197341
1.0,56,243.20787
1.0,60,243.219148
1.0,52,243.228931
1.0,60,243.240223
1.0,56,243.250752
1.0,56,243.261309
1.0,52,243.271095
1.0,54,243.281256
1.0,58,243.292148
1.0,62,243.303801
1.0,54,243.31395
1.0,54,243.324085
1.0,62,243.335793
1.0,52,243.345539
1.0,52,243.355278
1.0,56,243.36577
1.0,58,243.376626
1.0,52,243.386367
1.0,56,243.397012
1.0,52,243.406753
1.0,62,243.418433
1.0,58,243.429272
1.0,56,243.439774
1.0,54,243.449948
1.0,50,243.459337
1.0,56,243.469825
1.0,54,243.479933
1.0,56,243.490418
1.0,70,243.503508
1.0,56,243.51399
1.0,56,243.524474
1.0,52,243.534213
1.0,60,243.54546
1.0,126,243.569275
1.0,58,243.580191
1.0,68,243.593106
1.0,60,243.60438
1.0,56,243.614945
1.0,58,243.625818
1.0,52,243.635594
1.0,633,243.754944
1.0,52,243.764859
1.0,52,243.774666
1.0,54,243.784881
1.0,52,243.794696
1.0,58,243.805682
1.0,52,243.815448
1.0,58,243.826339
1.0,58,243.837223
1.0,56,243.847815
1.0,54,243.85793
1.0,60,243.869205
1.0,56,243.879755
1.0,58,243.890713
1.0,52,243.900496
1.0,68,243.91323
1.0,54,243.92344
1.0,58,243.934314
1.0,50,243.943718
1.0,58,243.954678
1.0,56,243.965194
1.0,56,243.975709
1.0,60,243.986967
1.0,60,243.998216
1.0,52,244.008183
1.0,54,244.018309
1.0,58,244.02915
1.0,64,244.041142
1.0,56,244.051657
1.0,52,244.061405
1.0,50,244.070857
1.0,60,244.082085
1.0,58,244.092972
1.0,60,244.104203
1.0,64,244.116212
1.0,60,244.127527
1.0,58,244.138395
1.0,60,244.149673
1.0,56,244.160188
1.0,62,244.171815
1.0,52,244.181634
1.0,60,244.192876
1.0,52,244.202655
1.0,52,244.212505
1.0,54,244.222616
1.0,58,244.233664
1.0,60,244.244919
1.0,52,244.254728
1.0,62,244.266338
1.0,58,244.277221
1.0,54,244.287418
1.0,52,244.297274
1.0,54,244.307445
1.0,52,244.31725
1.0,52,244.327034
1.0,54,244.337181
1.0,62,244.348823
1.0,54,244.359002
1.0,54,244.369141
1.0,58,244.380014
1.0,56,244.390556
1.0,56,244.401113
1.0,54,244.411366
1.0,56,244.421926
1.0,62,244.433546
1.0,58,244.444403
1.0,54,244.454572
1.0,52,244.464358
1.0,54,244.47448
1.0,58,244.485353
1.0,54,244.495491
1.0,66,244.507888
1.0,68,244.5207
1.0,60,244.531946
1.0,58,244.542818
1.0,54,244.552929
1.0,58,244.563803
1.0,56,244.574318
1.0,58,244.585196
1.0,58,244.596149
1.0,56,244.606643
1.0,62,244.618488
1.0,56,244.62897
1.0,58,244.63984
1.0,58,244.650801
1.0,54,244.660924
1.0,58,244.671798
1.0,54,244.681916
1.0,52,244.691692
1.0,54,244.701869
1.0,66,244.714213
1.0,58,244.72511
1.0,56,244.735649
1.0,58,244.746512
1.0,58,244.757478
1.0,56,244.768012
1.0,58,244.779014
1.0,60,244.7903
1.0,68,244.803084
1.0,54,244.813308
1.0,54,244.8236
1.0,58,244.834498
1.0,66,244.846896
1.0,54,244.857056
1.0,56,244.867545
1.0,58,244.878436
1.0,60,244.889721
1.0,70,244.902895
1.0,54,244.913082
1.0,54,244.92326
1.0,56,244.93385
1.0,54,244.944033
1.0,54,244.954219
1.0,62,244.965913
1.0,54,244.976093
1.0,56,244.986673
1.0,54,244.99685
1.0,56,245.007422
1.0,60,245.01871
1.0,59,245.029941
1.0,56,245.040495
1.0,58,245.051406
1.0,64,245.063436
1.0,56,245.073964
1.0,62,245.085611
1.0,58,245.096511
1.0,52,245.10634
1.0,56,245.116894
1.0,54,245.127063
1.0,54,245.137259
1.0,64,245.149265
1.0,58,245.160187
1.0,54,245.170358
1.0,54,245.180521
1.0,54,245.19065
1.0,58,245.201495
1.0,56,245.21204
1.0,62,245.223692
1.0,52,245.233691
1.0,54,245.243852
1.0,52,245.253661
1.0,56,245.264243
1.0,54,245.274441
1.0,62,245.286113
1.0,54,245.296306
1.0,68,245.309073
1.0,66,245.321497
1.0,54,245.331657
1.0,54,245.34185
1.0,60,245.353192
1.0,52,245.363039
1.0,56,245.373621
1.0,52,245.383473
1.0,59,245.39464
1.0,52,245.404444
1.0,54,245.414677
1.0,64,245.426785
1.0,62,245.438622
1.0,62,245.450307
1.0,56,245.460867
1.0,56,245.471418
1.0,58,245.482344
1.0,56,245.492951
1.0,58,245.503951
1.0,58,245.514966
1.0,54,245.52525
1.0,54,245.535477
1.0,54,245.545786
1.0,58,245.556777
1.0,60,245.5681
1.0,56,245.578733
1.0,54,245.588882
1.0,54,245.599074
1.0,54,245.609243
1.0,56,245.619793
1.0,60,245.631107
1.0,58,245.642185
1.0,64,245.654226
1.0,54,245.664394
1.0,52,245.674151
1.0,56,245.684694
1.0,60,245.69596
1.0,56,245.706473
1.0,54,245.716654
1.0,58,245.72758
1.0,54,245.737719
1.0,58,245.748624
1.0,56,245.759168
1.0,58,245.770138
1.0,54,245.780277
1.0,66,245.792636
1.0,56,245.803216
1.0,54,245.813338
1.0,60,245.824615
1.0,64,245.836597
1.0,60,245.84797
1.0,52,245.857742
1.0,56,245.868254
1.0,62,245.879948
1.0,62,245.891558
1.0,54,245.90168
1.0,52,245.911468
1.0,54,245.921596
1.0,56,245.932124
1.0,58,245.942964
1.0,56,245.953455
1.0,60,245.964683
1.0,56,245.975267
1.0,60,245.986514
1.0,54,245.996629
1.0,66,246.008991
1.0,54,246.01913
1.0,56,246.029726
1.0,50,246.039121
1.0,58,246.050113
1.0,56,246.060593
1.0,60,246.071824
1.0,58,246.082745
1.0,50,246.092121
1.0,66,246.104501
1.0,54,246.114753
1.0,56,246.125261
1.0,60,246.136587
1.0,64,246.148571
1.0,68,246.161374
1.0,52,246.171161
1.0,60,246.182392
1.0,56,246.19295
1.0,58,246.203833
1.0,64,246.215908
1.0,64,246.227913
1.0,58,246.2388
1.0,64,246.250928
1.0,56,246.261463
1.0,54,246.271695
1.0,62,246.283437
1.0,58,246.294301
1.0,62,246.306026
1.0,64,246.318062
1.0,52,246.32785
1.0,56,246.338359
1.0,56,246.348869
1.0,58,246.359863
1.0,60,246.371166
1.0,60,246.382408
1.0,60,246.393686
1.0,52,246.403472
1.0,66,246.415933
1.0,56,246.426434
1.0,52,246.436198
1.0,56,246.44669
1.0,54,246.456977
1.0,58,246.467883
1.0,54,246.478061
1.0,54,246.488196
1.0,60,246.499486
1.0,58,246.510397
1.0,66,246.522801
1.0,54,246.53306
1.0,56,246.543582
1.0,64,246.555592
1.0,58,246.566497
1.0,56,246.576984
1.0,54,246.58714
1.0,56,246.59766
1.0,56,246.608185
1.0,56,246.618698
1.0,58,246.62959
1.0,54,246.639898
1.0,58,246.650794
1.0,72,246.664548
1.0,56,246.675065
1.0,56,246.68559
1.0,58,246.696548
1.0,56,246.70707
1.0,56,246.71764
1.0,60,246.728873
1.0,56,246.739444
1.0,60,246.750692
1.0,70,246.76378
1.0,54,246.773978
1.0,54,246.784154
1.0,58,246.795116
1.0,62,246.806755
1.0,56,246.817309
1.0,74,246.831251
1.0,60,246.842513
1.0,54,246.852652
1.0,62,246.864493
1.0,60,246.875745
1.0,66,246.88812
1.0,56,246.898635
1.0,64,246.910617
1.0,60,246.921917
1.0,60,246.933124
1.0,64,246.945093
1.0,52,246.954854
1.0,56,246.965346
1.0,58,246.976287
1.0,56,246.986867
1.0,56,246.997384
1.0,56,247.007882
1.0,56,247.018412
1.0,54,247.028556
1.0,52,247.038379
1.0,54,247.048524
1.0,54,247.058672
1.0,52,247.068556
1.0,54,247.07872
1.0,50,247.088165
1.0,60,247.099459
1.0,56,247.109991
1.0,58,247.120892
1.0,64,247.132917
1.0,58,247.143876
1.0,52,247.153671
1.0,56,247.164286
1.0,58,247.17518
1.0,58,247.186157
1.0,58,247.197024
1.0,58,247.207992
1.0,52,247.217743
1.0,52,247.227501
1.0,62,247.239102
1.0,58,247.249972
1.0,60,247.261216
1.0,56,247.271887
1.0,58,247.282765
1.0,70,247.295871
1.0,52,247.305652
1.0,54,247.315784
1.0,58,247.326612
1.0,56,247.337124
1.0,58,247.348005
1.0,50,247.357394
1.0,52,247.367158
1.0,52,247.376922
1.0,52,247.386688
1.0,56,247.397175
1.0,62,247.408779
1.0,54,247.419079
1.0,54,247.429188
1.0,58,247.440052
1.0,56,247.450535
1.0,54,247.460652
1.0,62,247.472385
1.0,56,247.482873
1.0,62,247.494461
1.0,54,247.504577
1.0,52,247.51431
1.0,58,247.525126
1.0,62,247.536725
1.0,56,247.547208
1.0,60,247.55839
1.0,56,247.568866
1.0,50,247.57823
1.0,56,247.58871
1.0,60,247.600002
1.0,70,247.61308
1.0,58,247.623951
1.0,52,247.633671
1.0,50,247.643034
1.0,58,247.653887
1.0,56,247.664375
1.0,56,247.674937
1.0,60,247.686293
1.0,60,247.697501
1.0,52,247.707303
1.0,52,247.717031
1.0,60,247.728272
1.0,58,247.739134
1.0,58,247.750003
1.0,50,247.759422
1.0,68,247.772116
1.0,58,247.783026
1.0,54,247.793104
1.0,60,247.804321
1.0,74,247.818426
1.0,58,247.829268
1.0,54,247.839371
1.0,54,247.849468
1.0,60,247.860709
1.0,54,247.870818
1.0,54,247.881065
1.0,56,247.891528
1.0,52,247.901286
1.0,56,247.911744
1.0,62,247.923328
1.0,54,247.933495
1.0,58,247.944347
1.0,52,247.954086
1.0,54,247.964199
1.0,56,247.974672
1.0,52,247.984435
1.0,58,247.995403
1.0,52,248.005152
1.0,56,248.015573
1.0,64,248.027503
1.0,216,248.068111
1.0,56,248.078623
1.0,50,248.088167
1.0,64,248.10016
1.0,60,248.111339
1.0,58,248.122161
1.0,60,248.133375
1.0,54,248.143472
1.0,62,248.155136
1.0,56,248.165596
1.0,52,248.175333
1.0,54,248.185443
1.0,54,248.195566
1.0,56,248.206031
1.0,56,248.216508
1.0,62,248.228126
1.0,52,248.237878
1.0,60,248.249099
1.0,62,248.260714
1.0,52,248.270416
1.0,56,248.280892
1.0,52,248.290766
1.0,58,248.301648
1.0,58,248.312477
1.0,58,248.323338
1.0,54,248.333451
1.0,54,248.343554
1.0,58,248.354394
1.0,58,248.365261
1.0,62,248.376824
1.0,58,248.387638
1.0,62,248.399218
1.0,64,248.4112
1.0,52,248.420958
1.0,60,248.432194
1.0,58,248.443037
1.0,60,248.454237
1.0,58,248.465106
1.0,58,248.475954
1.0,60,248.487189
1.0,56,248.497806
1.0,60,248.50906
1.0,54,248.51917
1.0,54,248.529304
1.0,56,248.539772
1.0,62,248.551353
1.0,52,248.561093
1.0,58,248.571923
1.0,54,248.582031
1.0,62,248.593615
1.0,54,248.603748
1.0,59,248.614778
1.0,54,248.624881
1.0,56,248.635369
1.0,56,248.645856
1.0,54,248.656049
1.0,58,248.666905
1.0,60,248.678102
1.0,52,248.687843
1.0,54,248.69808
1.0,60,248.709304
1.0,54,248.719405
1.0,54,248.729526
1.0,62,248.741081
1.0,58,248.751929
1.0,60,248.763155
1.0,64,248.775134
1.0,62,248.786734
1.0,60,248.797954
1.0,60,248.809204
1.0,64,248.821126
1.0,64,248.833179
1.0,58,248.844018
1.0,62,248.855628
1.0,58,248.866481
1.0,68,248.879198
1.0,60,248.890415
1.0,52,248.90032
1.0,54,248.910442
1.0,52,248.920175
1.0,57,248.930842
1.0,58,248.941694
1.0,54,248.951819
1.0,60,248.963042
1.0,58,248.973881
1.0,62,248.985459
1.0,52,248.995225
1.0,62,249.006816
1.0,56,249.017294
1.0,56,249.027766
1.0,52,249.037522
1.0,60,249.048739
1.0,58,249.059591
1.0,64,249.07152
1.0,58,249.08237
1.0,54,249.092432
1.0,64,249.104542
1.0,62,249.116166
1.0,54,249.126242
1.0,52,249.135968
1.0,62,249.147552
1.0,52,249.157302
1.0,56,249.167765
1.0,56,249.178272
1.0,52,249.188006
1.0,62,249.199621
1.0,54,249.20973
1.0,52,249.219478
1.0,60,249.230719
1.0,56,249.241204
1.0,54,249.25133
1.0,54,249.261414
1.0,62,249.272993
1.0,56,249.283467
1.0,56,249.293929
1.0,58,249.304792
1.0,58,249.315784
1.0,56,249.326255
1.0,56,249.336735
1.0,58,249.347558
1.0,52,249.357275
1.0,56,249.367717
1.0,58,249.378566
1.0,52,249.388296
1.0,54,249.398392
1.0,54,249.408509
1.0,54,249.418646
1.0,62,249.430215
1.0,54,249.440328
1.0,54,249.450412
1.0,64,249.462358
1.0,58,249.473197
1.0,56,249.483654
1.0,52,249.49339
1.0,52,249.503124
1.0,62,249.514766
1.0,62,249.52645
1.0,56,249.536943
1.0,64,249.548919
1.0,56,249.559441
1.0,58,249.570287
1.0,54,249.580402
1.0,54,249.590508
1.0,58,249.601354
1.0,56,249.611811
1.0,56,249.622249
1.0,58,249.633119
1.0,54,249.643248
1.0,54,249.653351
1.0,58,249.664285
1.0,58,249.675135
1.0,54,249.685229
1.0,52,249.694979
1.0,55,249.705271
1.0,64,249.717264
1.0,50,249.726772
1.0,50,249.736134
1.0,52,249.745869
1.0,56,249.756329
1.0,58,249.767172
1.0,54,249.777275
1.0,56,249.787767
1.0,58,249.798595
1.0,66,249.810915
1.0,62,249.822527
1.0,56,249.833062
1.0,56,249.843525
1.0,56,249.853988
1.0,54,249.864238
1.0,54,249.874321
1.0,68,249.886978
1.0,52,249.896702
1.0,60,249.907894
1.0,58,249.918752
1.0,54,249.928989
1.0,58,249.939834
1.0,54,249.949905
1.0,64,249.961842
1.0,62,249.973427
1.0,52,249.983145
1.0,62,249.994729
1.0,58,250.005568
1.0,60,250.016776
1.0,58,250.027615
1.0,52,250.037342
1.0,56,250.047824
1.0,56,250.058327
1.0,52,250.068083
1.0,60,250.0793
1.0,52,250.089045
1.0,54,250.099133
1.0,56,250.109602
1.0,70,250.122665
1.0,58,250.133622
1.0,56,250.144108
1.0,64,250.156012
1.0,60,250.167217
1.0,52,250.176975
1.0,57,250.18766
1.0,56,250.19814
1.0,52,250.207895
1.0,66,250.220208
1.0,62,250.231761
1.0,60,250.242981
1.0,54,250.253101
1.0,60,250.26432
1.0,56,250.274813
1.0,54,250.284906
1.0,58,250.295742
1.0,60,250.306959
1.0,54,250.317057
1.0,58,250.327906
1.0,60,250.339264
1.0,60,250.350489
1.0,56,250.360946
1.0,56,250.371423
1.0,58,250.382267
1.0,56,250.392754
1.0,64,250.404697
1.0,58,250.415564
1.0,60,250.426782
1.0,54,250.436869
1.0,60,250.448081
1.0,50,250.457466
1.0,62,250.469026
1.0,58,250.479888
1.0,58,250.490737
1.0,54,250.500849
1.0,54,250.510954
1.0,58,250.521811
1.0,58,250.532691
1.0,62,250.544448
1.0,58,250.555307
1.0,52,250.565035
1.0,50,250.574399
1.0,54,250.584506
1.0,68,250.597176
1.0,60,250.608373
1.0,56,250.618907
1.0,60,250.630136
1.0,58,250.640963
1.0,50,250.650327
1.0,50,250.659689
1.0,58,250.670527
1.0,56,250.681002
1.0,62,250.692615
1.0,54,250.702716
1.0,56,250.713184
1.0,54,250.723342
1.0,54,250.73351
1.0,54,250.743761
1.0,60,250.754944
1.0,56,250.765392
1.0,60,250.776602
1.0,52,250.786305
1.0,60,250.797511
1.0,52,250.807256
1.0,60,250.818466
1.0,52,250.828202
1.0,54,250.838281
1.0,56,250.848757
1.0,58,250.859547
1.0,60,250.870754
1.0,68,250.883451
1.0,52,250.893182
1.0,58,250.904082
1.0,60,250.915307
1.0,52,250.925014
1.0,52,250.934713
1.0,58,250.945672
1.0,52,250.955407
1.0,54,250.965473
1.0,50,250.974814
1.0,56,250.985264
1.0,66,250.997586
1.0,56,251.00804
1.0,54,251.018137
1.0,54,251.028255
1.0,62,251.039849
1.0,50,251.049191
1.0,54,251.059276
1.0,52,251.068983
1.0,60,251.080176
1.0,58,251.09099
1.0,56,251.101455
1.0,54,251.111549
1.0,52,251.121291
1.0,56,251.131759
1.0,58,251.142618
1.0,60,251.153982
1.0,56,251.164437
1.0,54,251.174541
1.0,52,251.184299
1.0,56,251.194774
1.0,54,251.204877
1.0,54,251.214978
1.0,52,251.224679
1.0,54,251.234775
1.0,58,251.245585
1.0,60,251.256816
1.0,54,251.266902
1.0,54,251.277008
1.0,64,251.288965
1.0,60,251.300178
1.0,54,251.310278
1.0,58,251.321128
1.0,56,251.331596
1.0,54,251.341675
1.0,56,251.352281
1.0,62,251.363879
1.0,58,251.374715
1.0,62,251.386294
1.0,56,251.396755
1.0,52,251.406476
1.0,62,251.418082
1.0,52,251.427819
1.0,58,251.438676
1.0,64,251.450583
1.0,58,251.461395
1.0,52,251.47111
1.0,58,251.481931
1.0,52,251.491646
1.0,64,251.503562
1.0,52,251.513311
1.0,56,251.523814
1.0,58,251.534676
1.0,56,251.545123
1.0,58,251.55611
1.0,50,251.56546
1.0,70,251.578511
1.0,50,251.587883
1.0,52,251.597634
1.0,54,251.607773
1.0,54,251.617856
1.0,226,251.660496
1.0,54,251.670647
1.0,52,251.68043
1.0,54,251.690531
1.0,50,251.699889
1.0,56,251.710385
1.0,56,251.72086
1.0,54,251.73097
1.0,52,251.740811
1.0,58,251.751616
1.0,52,251.761434
1.0,50,251.770788
1.0,56,251.781247
1.0,58,251.792052
1.0,58,251.802877
1.0,62,251.814451
1.0,56,251.824903
1.0,52,251.834615
1.0,56,251.845056
1.0,60,251.856271
1.0,56,251.86674
1.0,56,251.877156
1.0,70,251.890189
1.0,50,251.899528
1.0,54,251.909613
1.0,54,251.919721
1.0,58,251.930564
1.0,62,251.942141
1.0,58,251.952951
1.0,66,251.965371
1.0,56,251.975839
1.0,58,251.986664
1.0,60,251.997874
1.0,52,252.007579
1.0,52,252.01732
1.0,54,252.027429
1.0,56,252.037912
1.0,52,252.047627
1.0,50,252.057001
1.0,66,252.069305
1.0,54,252.07939
1.0,60,252.09061
1.0,54,252.100803
1.0,54,252.110907
1.0,56,252.121444
1.0,68,252.134155
1.0,60,252.145382
1.0,50,252.154768
1.0,58,252.165604
1.0,54,252.175843
1.0,58,252.1868
1.0,54,252.196936
1.0,54,252.207042
1.0,60,252.218267
1.0,54,252.228374
1.0,56,252.23888
1.0,58,252.249758
1.0,56,252.260257
1.0,54,252.270379
1.0,58,252.281227
1.0,64,252.293157
1.0,64,252.305101
1.0,54,252.315238
1.0,54,252.325372
1.0,54,252.335467
1.0,56,252.345928
1.0,60,252.357141
1.0,58,252.367959
1.0,56,252.378594
1.0,58,252.389429
1.0,56,252.399904
1.0,54,252.410094
1.0,58,252.420953
1.0,58,252.431793
1.0,54,252.441886
1.0,62,252.453463
1.0,60,252.464696
1.0,56,252.475173
1.0,52,252.484927
1.0,50,252.494282
1.0,52,252.504025
1.0,56,252.514508
1.0,58,252.525345
1.0,56,252.535837
1.0,56,252.54631
1.0,56,252.556774
1.0,50,252.566224
1.0,58,252.577212
1.0,64,252.589202
1.0,52,252.59892
1.0,52,252.608636
1.0,58,252.619483
1.0,56,252.629929
1.0,56,252.640468
1.0,56,252.650961
1.0,56,252.661453
1.0,56,252.671928
1.0,58,252.682754
1.0,56,252.693237
1.0,54,252.703334
1.0,58,252.714152
1.0,54,252.724265
1.0,52,252.733988
1.0,58,252.744847
1.0,58,252.755741
1.0,56,252.766218
1.0,60,252.777416
1.0,58,252.788397
1.0,52,252.798124
1.0,50,252.807546
1.0,138,252.833605
1.0,58,252.844609
1.0,62,252.856298
1.0,54,252.866394
1.0,52,252.8762
1.0,56,252.886697
1.0,58,252.89756
1.0,50,252.906923
1.0,62,252.918518
1.0,58,252.929371
1.0,60,252.94058
1.0,62,252.952267
1.0,62,252.963859
1.0,64,252.975882
1.0,54,252.986155
1.0,56,252.996649
1.0,62,253.008251
1.0,52,253.017998
1.0,60,253.029237
1.0,54,253.039364
1.0,52,253.049083
1.0,52,253.0588
1.0,58,253.069672
1.0,56,253.080158
1.0,62,253.091764
1.0,56,253.102197
1.0,54,253.11233
1.0,54,253.122424
1.0,58,253.133277
1.0,58,253.144098
1.0,52,253.153835
1.0,56,253.164327
1.0,62,253.17591
1.0,60,253.187223
1.0,60,253.198512
1.0,62,253.21012
1.0,54,253.220216
1.0,62,253.231821
1.0,56,253.242294
1.0,62,253.25388
1.0,60,253.265099
1.0,60,253.27633
1.0,54,253.286426
1.0,62,253.297997
1.0,60,253.309227
1.0,58,253.320074
1.0,60,253.331292
1.0,52,253.341
1.0,62,253.352578
1.0,58,253.363422
1.0,54,253.373523
1.0,56,253.383996
1.0,54,253.39422
1.0,58,253.405071
1.0,58,253.415958
1.0,54,253.426059
1.0,54,253.436177
1.0,60,253.44743
1.0,64,253.45942
1.0,58,253.470273
1.0,56,253.480778
1.0,58,253.491645
1.0,58,253.502504
1.0,54,253.512635
1.0,54,253.522742
1.0,56,253.533226
1.0,56,253.54372
1.0,72,253.557144
1.0,56,253.567621
1.0,56,253.578093
1.0,64,253.590088
1.0,60,253.601436
1.0,56,253.612011
1.0,58,253.622845
1.0,60,253.634033
1.0,58,253.645018
1.0,60,253.656211
1.0,54,253.666294
1.0,68,253.678998
1.0,60,253.690203
1.0,52,253.699931
1.0,52,253.709673
1.0,60,253.720894
1.0,54,253.731006
1.0,54,253.741107
1.0,60,253.752421
1.0,50,253.76179
1.0,64,253.773729
1.0,52,253.783507
1.0,58,253.794375
1.0,60,253.805747
1.0,54,253.815852
1.0,54,253.825968
1.0,54,253.836079
1.0,62,253.84767
1.0,60,253.858875
1.0,70,253.871931
1.0,54,253.882061
1.0,60,253.893274
1.0,58,253.904713
1.0,58,253.915551
1.0,68,253.928237
1.0,50,253.937609
1.0,60,253.94884
1.0,64,253.960805
1.0,58,253.971641
1.0,56,253.982115
1.0,54,253.992217
1.0,54,254.002347
1.0,58,254.013309
1.0,58,254.024133
1.0,62,254.035708
1.0,60,254.046916
1.0,56,254.057406
1.0,54,254.067481
1.0,60,254.078703
1.0,54,254.088804
1.0,54,254.098877
1.0,58,254.109669
1.0,58,254.120498
1.0,56,254.130979
1.0,58,254.141821
1.0,58,254.152675
1.0,54,254.162794
1.0,56,254.173257
1.0,60,254.184469
1.0,58,254.195307
1.0,62,254.206898
1.0,52,254.216705
1.0,50,254.22604
1.0,58,254.236871
1.0,54,254.246994
1.0,52,254.256837
1.0,54,254.266982
1.0,60,254.278209
1.0,60,254.289474
1.0,52,254.29921
1.0,52,254.308928
1.0,58,254.319778
1.0,62,254.33135
1.0,58,254.342165
1.0,60,254.353387
1.0,54,254.363498
1.0,50,254.372863
1.0,54,254.382967
1.0,60,254.394166
1.0,68,254.406844
1.0,62,254.418576
1.0,52,254.428322
1.0,56,254.438797
1.0,60,254.449992
1.0,58,254.460828
1.0,66,254.473133
1.0,58,254.483984
1.0,54,254.494071
1.0,62,254.505607
1.0,50,254.514953
1.0,52,254.524691
1.0,60,254.535942
1.0,56,254.546407
1.0,56,254.556886
1.0,52,254.566598
1.0,50,254.575973
1.0,50,254.585335
1.0,62,254.596915
1.0,58,254.607761
1.0,56,254.618356
1.0,58,254.629166
1.0,60,254.640352
1.0,52,254.650049
1.0,60,254.661226
1.0,56,254.671676
1.0,60,254.682886
1.0,56,254.693324
1.0,54,254.703412
1.0,64,254.715328
1.0,54,254.725385
1.0,54,254.735463
1.0,56,254.745927
1.0,54,254.755999
1.0,54,254.766087
1.0,56,254.776564
1.0,56,254.787059
1.0,58,254.797926
1.0,66,254.810244
1.0,58,254.821227
1.0,52,254.830952
1.0,60,254.84213
1.0,54,254.852242
1.0,54,254.862312
1.0,58,254.873133
1.0,56,254.883594
1.0,68,254.896264
1.0,56,254.90673
1.0,54,254.916807
1.0,56,254.927265
1.0,68,254.939914
1.0,58,254.950747
1.0,56,254.961229
1.0,60,254.972418
1.0,58,254.983252
1.0,58,254.994079
1.0,56,255.004557
1.0,70,255.017584
1.0,54,255.027825
1.0,64,255.039773
1.0,56,255.050239
1.0,54,255.060313
1.0,60,255.071489
1.0,56,255.081938
1.0,54,255.092041
1.0,62,255.103584
1.0,58,255.114392
1.0,60,255.125587
1.0,58,255.136415
1.0,58,255.147252
1.0,52,255.156992
1.0,64,255.168936
1.0,50,255.178298
1.0,74,255.19205
1.0,58,255.202894
1.0,52,255.212606
1.0,52,255.222333
1.0,58,255.233299
1.0,52,255.243032
1.0,56,255.253469
1.0,58,255.264282
1.0,58,255.275105
1.0,50,255.28446
1.0,52,255.294167
1.0,52,255.303894
1.0,58,255.314708
1.0,54,255.324795
1.0,315,255.383971
1.0,58,255.394843
1.0,58,255.405715
1.0,54,255.41588
1.0,58,255.426717
1.0,56,255.437318
1.0,54,255.447419
1.0,60,255.458654
1.0,56,255.469135
1.0,56,255.479729
1.0,60,255.490954
1.0,56,255.501446
1.0,54,255.511568
1.0,52,255.521309
1.0,50,255.530665
1.0,68,255.543336
1.0,60,255.554511
1.0,64,255.566502
1.0,60,255.577743
1.0,64,255.589695
1.0,58,255.600518
1.0,56,255.610998
1.0,62,255.622598
1.0,54,255.632699
1.0,64,255.644797
1.0,58,255.65563
1.0,60,255.666859
1.0,54,255.676967
1.0,58,255.687799
1.0,54,255.697878
1.0,66,255.710216
1.0,54,255.720328
1.0,60,255.731533
1.0,56,255.742005
1.0,56,255.752478
1.0,58,255.763328
1.0,52,255.773069
1.0,52,255.78282
1.0,56,255.793302
1.0,54,255.803401
1.0,58,255.814226
1.0,56,255.824713
1.0,58,255.83556
1.0,64,255.847659
1.0,62,255.859257
1.0,60,255.870494
1.0,54,255.880579
1.0,54,255.890697
1.0,52,255.900424
1.0,56,255.910895
1.0,58,255.921728
1.0,54,255.93185
1.0,62,255.943438
1.0,58,255.954278
1.0,56,255.964731
1.0,60,255.97597
1.0,56,255.986416
1.0,54,255.996525
1.0,64,256.0085
1.0,56,256.018983
1.0,58,256.02982
1.0,58,256.040655
1.0,58,256.051624
1.0,62,256.063212
1.0,54,256.073319
1.0,58,256.084172
1.0,60,256.095376
1.0,64,256.107345
1.0,54,256.117469
1.0,60,256.128688
1.0,64,256.140649
1.0,64,256.152601
1.0,56,256.163063
1.0,56,256.173539
1.0,56,256.183999
1.0,54,256.194105
1.0,56,256.204585
1.0,54,256.214694
1.0,54,256.224797
1.0,58,256.235663
1.0,56,256.246125
1.0,56,256.256753
1.0,62,256.268312
1.0,64,256.280259
1.0,58,256.291127
1.0,54,256.30121
1.0,60,256.312441
1.0,56,256.322886
1.0,54,256.333011
1.0,56,256.343504
1.0,58,256.354357
1.0,58,256.365199
1.0,62,256.376811
1.0,54,256.386921
1.0,54,256.39702
1.0,58,256.407903
1.0,58,256.418799
1.0,56,256.429302
1.0,56,256.439757
1.0,54,256.44986
1.0,60,256.461214
1.0,60,256.472463
1.0,60,256.483701
1.0,64,256.495689
1.0,56,256.506166
1.0,56,256.516633
1.0,56,256.527093
1.0,60,256.538322
1.0,56,256.548808
1.0,60,256.56003
1.0,60,256.571246
1.0,58,256.582123
1.0,58,256.592982
1.0,58,256.603825
1.0,64,256.615801
1.0,54,256.625878
1.0,62,256.637516
1.0,60,256.648747
1.0,54,256.659014
1.0,56,256.669492
1.0,62,256.681087
1.0,58,256.691916
1.0,58,256.702767
1.0,62,256.714354
1.0,58,256.72521
1.0,64,256.737201
1.0,58,256.748119
1.0,56,256.758614
1.0,68,256.771355
1.0,56,256.781871
1.0,64,256.793954
1.0,66,256.806393
1.0,50,256.8158
1.0,56,256.826327
1.0,64,256.838305
1.0,60,256.849563
1.0,58,256.860522
1.0,56,256.871029
1.0,64,256.883015
1.0,58,256.893871
1.0,56,256.904348
1.0,52,256.914103
1.0,52,256.923834
1.0,56,256.934319
1.0,68,256.947053
1.0,62,256.958664
1.0,58,256.969536
1.0,62,256.981107
1.0,52,256.990872
1.0,62,257.002452
1.0,54,257.012555
1.0,56,257.023035
1.0,62,257.034631
1.0,54,257.044761
1.0,52,257.054556
1.0,54,257.064878
1.0,58,257.075748
1.0,56,257.086253
1.0,60,257.097481
1.0,60,257.108721
1.0,56,257.119228
1.0,50,257.128583
1.0,58,257.139438
1.0,54,257.149574
1.0,58,257.160432
1.0,60,257.17168
1.0,54,257.181757
1.0,56,257.192237
1.0,54,257.202362
1.0,56,257.212834
1.0,60,257.224115
1.0,54,257.23423
1.0,50,257.243589
1.0,52,257.253311
1.0,60,257.264565
1.0,70,257.277814
1.0,54,257.287927
1.0,54,257.298042
1.0,60,257.309281
1.0,50,257.318644
1.0,62,257.330257
1.0,52,257.340007
1.0,52,257.349783
1.0,58,257.360855
1.0,52,257.370703
1.0,58,257.381606
1.0,56,257.392218
1.0,58,257.403086
1.0,56,257.413615
1.0,56,257.424134
1.0,62,257.435752
1.0,58,257.446655
1.0,54,257.456783
1.0,60,257.468016
1.0,60,257.479377
1.0,60,257.490605
1.0,58,257.50146
1.0,60,257.512663
1.0,54,257.522745
1.0,62,257.534353
1.0,58,257.545271
1.0,52,257.555059
1.0,58,257.565984
1.0,58,257.576874
1.0,54,257.586992
1.0,56,257.59745
1.0,62,257.609047
1.0,52,257.618783
1.0,58,257.629635
1.0,54,257.639775
1.0,64,257.651713
1.0,56,257.662208
1.0,54,257.672367
1.0,64,257.684479
1.0,54,257.694578
1.0,58,257.705425
1.0,56,257.715889
1.0,62,257.727446
1.0,58,257.73832
1.0,52,257.748035
1.0,58,257.758898
1.0,58,257.769706
1.0,60,257.780895
1.0,50,257.790262
1.0,60,257.801495
1.0,62,257.813056
1.0,52,257.822795
1.0,52,257.832501
1.0,54,257.842581
1.0,62,257.85415
1.0,50,257.8635
1.0,58,257.874293
1.0,56,257.884881
1.0,60,257.896069
1.0,54,257.906136
1.0,58,257.916991
1.0,64,257.928897
1.0,58,257.939718
1.0,52,257.949423
1.0,56,257.959881
1.0,66,257.972193
1.0,60,257.983415
1.0,52,257.993155
1.0,60,258.004359
1.0,56,258.014858
1.0,62,258.026468
1.0,56,258.03691
1.0,54,258.047022
1.0,60,258.058223
1.0,60,258.069421
1.0,56,258.079855
1.0,60,258.09119
1.0,54,258.101288
1.0,54,258.111367
1.0,54,258.121452
1.0,70,258.134515
1.0,60,258.145701
1.0,66,258.158025
1.0,54,258.168155
1.0,52,258.177878
1.0,60,258.189094
1.0,56,258.199566
1.0,50,258.208908
1.0,60,258.220109
1.0,56,258.230571
1.0,56,258.241027
1.0,60,258.252208
1.0,56,258.26267
1.0,60,258.273869
1.0,52,258.283589
1.0,52,258.293447
1.0,66,258.305764
1.0,52,258.315471
1.0,54,258.325556
1.0,56,258.33601
1.0,62,258.347631
1.0,62,258.359309
1.0,52,258.36909
1.0,52,258.378858
1.0,54,258.388999
1.0,56,258.399497
1.0,58,258.410388
1.0,50,258.419759
1.0,56,258.430232
1.0,64,258.442204
1.0,62,258.453814
1.0,56,258.464372
1.0,58,258.475209
1.0,52,258.484931
1.0,58,258.495909
1.0,56,258.5064
1.0,56,258.516948
1.0,60,258.528154
1.0,58,258.539016
1.0,56,258.549485
1.0,58,258.56031
1.0,54,258.570405
1.0,64,258.582365
1.0,60,258.593599
1.0,56,258.60406
1.0,56,258.614542
1.0,56,258.625026
1.0,56,258.635484
1.0,58,258.646349
1.0,66,258.658726
1.0,68,258.671446
1.0,54,258.681577
1.0,52,258.691324
1.0,58,258.702317
1.0,50,258.711686
1.0,58,258.722554
1.0,52,258.732292
1.0,62,258.743904
1.0,87,258.76026
1.0,60,258.771489
1.0,68,258.784199
1.0,58,258.795077
1.0,54,258.80522
1.0,56,258.815728
1.0,54,258.825846
1.0,58,258.836715
1.0,60,258.847938
1.0,64,258.859922
1.0,52,258.869676
1.0,62,258.881292
1.0,58,258.89219
1.0,54,258.902463
1.0,52,258.912213
1.0,62,258.923815
1.0,52,258.933576
1.0,56,258.944083
1.0,58,258.954947
1.0,68,258.967649
1.0,52,258.97741
1.0,60,258.98863
1.0,56,258.999095
1.0,62,259.010695
1.0,60,259.025126
1.0,60,259.036339
1.0,56,259.046867
1.0,60,259.058085
1.0,60,259.069294
1.0,50,259.078678
1.0,52,259.088409
1.0,56,259.098905
1.0,56,259.109524
1.0,56,259.120025
1.0,52,259.129765
1.0,64,259.141706
1.0,54,259.151858
1.0,64,259.163928
1.0,52,259.173712
1.0,64,259.185707
1.0,60,259.196959
1.0,62,259.208539
1.0,56,259.219005
1.0,56,259.229592
1.0,56,259.240142
1.0,54,259.250274
1.0,50,259.259647
1.0,56,259.270115
1.0,54,259.280218
1.0,68,259.292955
1.0,62,259.304567
1.0,54,259.314808
1.0,52,259.324558
1.0,56,259.335071
1.0,68,259.347782
1.0,56,259.358244
1.0,54,259.3684
1.0,58,259.379274
1.0,54,259.389391
1.0,62,259.400952
1.0,58,259.411827
1.0,60,259.423079
1.0,62,259.434672
1.0,50,259.444038
1.0,58,259.454911
1.0,56,259.465397
1.0,60,259.47665
1.0,66,259.488999
1.0,54,259.499145
1.0,50,259.508522
1.0,58,259.519524
1.0,52,259.52932
1.0,56,259.539865
1.0,68,259.55266
1.0,60,259.56396
1.0,68,259.576761
1.0,56,259.587284
1.0,58,259.598224
1.0,56,259.608818
1.0,60,259.620159
1.0,58,259.631119
1.0,64,259.643169
1.0,64,259.655226
1.0,54,259.66539
1.0,58,259.676274
1.0,52,259.686112
1.0,54,259.696301
1.0,60,259.707616
1.0,56,259.718296
1.0,56,259.72884
1.0,50,259.738263
1.0,52,259.748051
1.0,54,259.758201
1.0,52,259.767982
1.0,56,259.778477
1.0,58,259.789343
1.0,54,259.799478
1.0,58,259.810327
1.0,56,259.820816
1.0,60,259.832046
1.0,58,259.84291
1.0,54,259.85305
1.0,52,259.862833
1.0,52,259.872581
1.0,54,259.882707
1.0,52,259.892427
1.0,52,259.902156
1.0,56,259.91264
1.0,58,259.923585
1.0,56,259.934054
1.0,58,259.94488
1.0,58,259.955752
1.0,58,259.966614
1.0,52,259.976362
1.0,52,259.986105
1.0,58,259.996959
1.0,60,260.008159
1.0,56,260.018677
1.0,56,260.029182
1.0,62,260.040797
1.0,58,260.051663
1.0,54,260.061772
1.0,56,260.07227
1.0,56,260.082764
1.0,58,260.0936
1.0,60,260.104814
1.0,62,260.11638
1.0,50,260.125869
1.0,54,260.135988
1.0,64,260.147918
1.0,56,260.158367
1.0,58,260.169219
1.0,54,260.179308
1.0,56,260.189793
1.0,56,260.200249
1.0,52,260.209969
1.0,54,260.220077
1.0,64,260.232057
1.0,56,260.242533
1.0,54,260.252619
1.0,52,260.26234
1.0,50,260.27171
1.0,58,260.282548
1.0,62,260.294122
1.0,54,260.30424
1.0,54,260.314336
1.0,56,260.324812
1.0,50,260.334292
1.0,54,260.344419
1.0,54,260.35457
1.0,60,260.36583
1.0,60,260.377086
1.0,60,260.388354
1.0,60,260.399611
1.0,54,260.409734
1.0,56,260.420223
1.0,56,260.430732
1.0,52,260.440498
1.0,54,260.450645
1.0,56,260.461138
1.0,58,260.471989
1.0,56,260.482723
1.0,62,260.494318
1.0,52,260.5041
1.0,52,260.513867
1.0,60,260.52507
1.0,56,260.535693
1.0,60,260.54692
1.0,62,260.558484
1.0,62,260.57008
1.0,52,260.579836
1.0,194,260.616316
1.0,60,260.627613
1.0,60,260.638859
1.0,54,260.649028
1.0,62,260.660647
1.0,54,260.670799
1.0,52,260.680565
1.0,54,260.690702
1.0,54,260.700827
1.0,54,260.710984
1.0,64,260.723039
1.0,54,260.73319
1.0,64,260.745346
1.0,54,260.755483
1.0,62,260.767117
1.0,52,260.77691
1.0,56,260.787443
1.0,54,260.797576
1.0,52,260.807343
1.0,54,260.817461
1.0,60,260.828693
1.0,60,260.839931
1.0,56,260.85042
1.0,58,260.861308
1.0,54,260.871432
1.0,60,260.882684
1.0,54,260.892828
1.0,54,260.902951
1.0,54,260.913069
1.0,60,260.924282
1.0,54,260.934387
1.0,56,260.945023
1.0,54,260.955143
1.0,60,260.9664
1.0,54,260.976521
1.0,54,260.986636
1.0,54,260.996748
1.0,52,261.00652
1.0,54,261.016634
1.0,52,261.026366
1.0,58,261.037226
1.0,54,261.047366
1.0,54,261.057522
1.0,58,261.068389
1.0,60,261.079598
1.0,58,261.090461
1.0,54,261.100585
1.0,54,261.110801
1.0,52,261.120549
1.0,60,261.131808
1.0,56,261.142298
1.0,60,261.153655
1.0,60,261.164883
1.0,56,261.175417
1.0,62,261.187109
1.0,54,261.197285
1.0,56,261.207807
1.0,54,261.217934
1.0,58,261.228807
1.0,60,261.240049
1.0,58,261.250937
1.0,56,261.26148
1.0,56,261.271989
1.0,60,261.283237
1.0,54,261.293384
1.0,50,261.302788
1.0,52,261.312546
1.0,56,261.323059
1.0,60,261.334303
1.0,54,261.344427
1.0,62,261.356171
1.0,56,261.366735
1.0,58,261.377592
1.0,58,261.388465
1.0,56,261.398991
1.0,60,261.41025
1.0,60,261.421567
1.0,60,261.432869
1.0,52,261.442631
1.0,58,261.453497
1.0,60,261.464739
1.0,54,261.474864
1.0,52,261.484668
1.0,60,261.495909
1.0,56,261.506408
1.0,54,261.51657
1.0,56,261.527084
1.0,58,261.537997
1.0,54,261.54812
1.0,50,261.557647
1.0,70,261.570754
1.0,52,261.580512
1.0,54,261.590715
1.0,62,261.602315
1.0,54,261.612452
1.0,58,261.623313
1.0,52,261.633061
1.0,54,261.643211
1.0,56,261.653717
1.0,56,261.664218
1.0,58,261.675086
1.0,54,261.685208
1.0,54,261.695336
1.0,66,261.707752
1.0,56,261.718265
1.0,54,261.728442
1.0,58,261.739352
1.0,58,261.750291
1.0,58,261.761339
1.0,54,261.771487
1.0,54,261.781585
1.0,58,261.79255
1.0,58,261.803415
1.0,52,261.813248
1.0,58,261.824204
1.0,56,261.83472
1.0,54,261.844849
1.0,54,261.855001
1.0,58,261.865848
1.0,66,261.878236
1.0,62,261.889856
1.0,58,261.90074
1.0,60,261.911953
1.0,58,261.922853
1.0,58,261.933779
1.0,54,261.943906
1.0,62,261.955468
1.0,56,261.966092
1.0,50,261.975474
1.0,56,261.986012
1.0,62,261.997628
1.0,58,262.008505
1.0,52,262.018274
1.0,58,262.029207
1.0,54,262.039371
1.0,80,262.054439
1.0,52,262.06416
1.0,62,262.075743
1.0,54,262.085827
1.0,50,262.095181
1.0,52,262.104913
1.0,60,262.116104
1.0,58,262.126958
1.0,64,262.138903
1.0,52,262.148651
1.0,52,262.158384
1.0,54,262.168614
1.0,68,262.181306
1.0,62,262.192873
1.0,56,262.203356
1.0,58,262.214196
1.0,54,262.224316
1.0,58,262.235177
1.0,56,262.245667
1.0,54,262.255789
1.0,60,262.267008
1.0,60,262.27823
1.0,54,262.288326
1.0,62,262.299907
1.0,62,262.311496
1.0,58,262.322344
1.0,62,262.333925
1.0,60,262.345182
1.0,54,262.35529
1.0,60,262.366513
1.0,56,262.37711
1.0,60,262.388299
1.0,58,262.399146
1.0,68,262.411838
1.0,54,262.421931
1.0,52,262.431636
1.0,56,262.442106
1.0,56,262.452592
1.0,60,262.463803
1.0,56,262.474275
1.0,58,262.485121
1.0,56,262.495594
1.0,52,262.505345
1.0,66,262.517661
1.0,70,262.530767
1.0,62,262.542383
1.0,58,262.553229
1.0,60,262.564465
1.0,56,262.575118
1.0,56,262.585635
1.0,62,262.597231
1.0,50,262.606611
1.0,54,262.616735
1.0,50,262.626106
1.0,58,262.636978
1.0,58,262.647858
1.0,56,262.658378
1.0,54,262.668519
1.0,50,262.677887
1.0,56,262.688388
1.0,52,262.698149
1.0,66,262.710522
1.0,58,262.721375
1.0,58,262.732224
1.0,54,262.742338
1.0,58,262.753203
1.0,60,262.76446
1.0,52,262.774194
1.0,54,262.784463
1.0,52,262.794221
1.0,63,262.806053
1.0,58,262.816921
1.0,54,262.827066
1.0,62,262.838705
1.0,60,262.849976
1.0,58,262.86091
1.0,56,262.871434
1.0,52,262.881224
1.0,60,262.892507
1.0,50,262.90191
1.0,58,262.912801
1.0,58,262.923711
1.0,58,262.93463
1.0,54,262.944798
1.0,52,262.954564
1.0,52,262.964345
1.0,56,262.974895
1.0,60,262.986418
1.0,54,262.996583
1.0,60,263.007818
1.0,58,263.018725
1.0,56,263.029246
1.0,54,263.039384
1.0,62,263.051119
1.0,58,263.062013
1.0,64,263.074011
1.0,62,263.085619
1.0,54,263.095726
1.0,60,263.106975
1.0,64,263.118971
1.0,62,263.130564
1.0,62,263.142151
1.0,54,263.15237
1.0,62,263.164
1.0,60,263.17528
1.0,52,263.185207
1.0,58,263.196136
1.0,58,263.206991
1.0,56,263.217527
1.0,64,263.229483
1.0,54,263.239596
1.0,66,263.251925
1.0,58,263.262743
1.0,54,263.275783
1.0,64,263.288059
1.0,62,263.299705
1.0,58,263.310595
1.0,52,263.320378
1.0,60,263.331657
1.0,62,263.343264
1.0,60,263.354538
1.0,64,263.366538
1.0,56,263.377084
1.0,66,263.3896
1.0,56,263.400111
1.0,72,263.413678
1.0,62,263.425259
1.0,60,263.43651
1.0,50,263.445933
1.0,52,263.455668
1.0,60,263.466896
1.0,68,263.47961
1.0,56,263.49007
1.0,52,263.49982
1.0,52,263.509566
1.0,58,263.520424
1.0,50,263.529787
1.0,60,263.541017
1.0,54,263.55119
1.0,58,263.56206
1.0,50,263.571459
1.0,62,263.583085
1.0,52,263.592963
1.0,60,263.604184
1.0,56,263.614686
1.0,62,263.626285
1.0,62,263.637883
1.0,68,263.650569
1.0,56,263.661021
1.0,58,263.671887
1.0,60,263.683112
1.0,58,263.693939
1.0,56,263.704415
1.0,62,263.715983
1.0,60,263.727227
1.0,56,263.73768
1.0,68,263.75037
1.0,54,263.760463
1.0,62,263.772062
1.0,66,263.78441
1.0,62,263.796088
1.0,50,263.80545
1.0,62,263.81708
1.0,56,263.827608
1.0,58,263.838452
1.0,58,263.849293
1.0,52,263.859012
1.0,56,263.869485
1.0,58,263.880294
1.0,52,263.89015
1.0,60,263.901404
1.0,54,263.911494
1.0,56,263.921983
1.0,54,263.932071
1.0,58,263.942982
1.0,58,263.953812
1.0,56,263.964298
1.0,56,263.974778
1.0,58,263.985626
1.0,60,263.996851
1.0,58,264.007836
1.0,54,264.017924
1.0,58,264.028758
1.0,56,264.03922
1.0,58,264.050056
1.0,58,264.060916
1.0,52,264.070645
1.0,56,264.081068
1.0,50,264.090406
1.0,54,264.100506
1.0,54,264.11059
1.0,58,264.121391
1.0,50,264.13075
1.0,58,264.145517
1.0,60,264.156777
1.0,66,264.169867
1.0,56,264.180396
1.0,56,264.190908
1.0,54,264.201024
1.0,52,264.210943
1.0,56,264.221434
1.0,62,264.233035
1.0,56,264.243551
1.0,68,264.256287
1.0,58,264.267175
1.0,54,264.277303
1.0,56,264.287807
1.0,60,264.299024
1.0,59,264.310062
1.0,54,264.320174
1.0,62,264.331735
1.0,56,264.34224
1.0,60,264.353468
1.0,54,264.363574
1.0,56,264.374058
1.0,62,264.38565
1.0,56,264.396118
1.0,54,264.406254
1.0,60,264.41763
1.0,62,264.429245
1.0,54,264.439372
1.0,54,264.449472
1.0,58,264.460317
1.0,54,264.470435
1.0,54,264.480561
1.0,52,264.490319
1.0,56,264.500857
1.0,56,264.511385
1.0,52,264.521157
1.0,56,264.531646
1.0,54,264.54178
1.0,54,264.551897
1.0,56,264.562387
1.0,52,264.572156
1.0,58,264.582985
1.0,56,264.59345
1.0,50,264.602835
1.0,60,264.614183
1.0,62,264.625797
1.0,54,264.635896
1.0,60,264.6471
1.0,56,264.657588
1.0,52,264.667326
1.0,56,264.677821
1.0,54,264.687915
1.0,64,264.699847
1.0,56,264.710296
1.0,54,264.720397
1.0,58,264.731226
1.0,54,264.741314
1.0,54,264.751419
1.0,62,264.763009
1.0,56,264.773477
1.0,62,264.785096
1.0,52,264.794826
1.0,54,264.80493
1.0,52,264.814676
1.0,54,264.8249
1.0,62,264.836479
1.0,58,264.847348
1.0,60,264.858541
1.0,56,264.869211
1.0,60,264.880467
1.0,60,264.891693
1.0,64,264.903663
1.0,50,264.913032
1.0,62,264.924604
1.0,64,264.936553
1.0,56,264.947057
1.0,56,264.957506
1.0,58,264.968364
1.0,58,264.97922
1.0,98,264.997709
1.0,61,265.00916
1.0,64,265.02124
1.0,52,265.030976
1.0,58,265.041864
1.0,56,265.052397
1.0,58,265.063251
1.0,60,265.074522
1.0,56,265.085047
1.0,58,265.095976
1.0,58,265.106877
1.0,52,265.116942
1.0,56,265.127485
1.0,58,265.138369
1.0,54,265.14851
1.0,60,265.159726
1.0,56,265.170215
1.0,56,265.180731
1.0,56,265.191236
1.0,52,265.200993
1.0,54,265.211103
1.0,58,265.221934
1.0,62,265.233632
1.0,60,265.244853
1.0,52,265.254594
1.0,56,265.26508
1.0,56,265.275613
1.0,60,265.286835
1.0,58,265.297689
1.0,54,265.307793
1.0,62,265.319392
1.0,58,265.33025
1.0,60,265.341486
1.0,64,265.353444
1.0,56,265.363894
1.0,60,265.375085
1.0,62,265.386643
1.0,50,265.396015
1.0,52,265.405741
1.0,52,265.415501
1.0,54,265.425599
1.0,60,265.436955
1.0,54,265.447067
1.0,60,265.45827
1.0,62,265.469852
1.0,60,265.481051
1.0,54,265.491142
1.0,52,265.500878
1.0,56,265.511333
1.0,68,265.523995
1.0,60,265.535225
1.0,58,265.546062
1.0,62,265.557674
1.0,54,265.567788
1.0,60,265.578972
1.0,58,265.589815
1.0,54,265.599921
1.0,56,265.610375
1.0,58,265.621223
1.0,56,265.631843
1.0,50,265.641213
1.0,60,265.65241
1.0,56,265.662883
1.0,54,265.672996
1.0,62,265.684564
1.0,54,265.694674
1.0,64,265.706612
1.0,52,265.71632
1.0,60,265.727531
1.0,50,265.736914
1.0,56,265.747384
1.0,60,265.75859
1.0,68,265.771264
1.0,54,265.781377
1.0,58,265.792201
1.0,56,265.802666
1.0,58,265.813529
1.0,50,265.822896
1.0,62,265.834493
1.0,54,265.84473
1.0,74,265.858537
1.0,60,265.869753
1.0,56,265.880272
1.0,52,265.890001
1.0,56,265.900493
1.0,58,265.911428
1.0,54,265.921527
1.0,56,265.932007
1.0,62,265.943564
1.0,56,265.954045
1.0,54,265.964155
1.0,54,265.974261
1.0,50,265.983645
1.0,56,265.994122
1.0,60,266.00531
1.0,52,266.015052
1.0,52,266.024766
1.0,52,266.03449
1.0,58,266.045501
1.0,50,266.054862
1.0,50,266.0642
1.0,56,266.074669
1.0,58,266.085502
1.0,64,266.097463
1.0,52,266.107199
1.0,52,266.11691
1.0,54,266.127082
1.0,62,266.138676
1.0,68,266.151361
1.0,56,266.161867
1.0,60,266.173077
1.0,66,266.185465
1.0,52,266.195214
1.0,58,266.206041
1.0,58,266.216849
1.0,66,266.229165
1.0,54,266.239295
1.0,50,266.248815
1.0,58,266.259633
1.0,56,266.270125
1.0,58,266.281029
1.0,56,266.291565
1.0,64,266.303525
1.0,56,266.313989
1.0,56,266.324447
1.0,64,266.336384
1.0,68,266.349046
1.0,62,266.360671
1.0,58,266.371519
1.0,56,266.382021
1.0,54,266.392156
1.0,54,266.402267
1.0,58,266.413131
1.0,54,266.423244
1.0,66,266.435539
1.0,64,266.447609
1.0,52,266.457358
1.0,54,266.467445
1.0,52,266.477171
1.0,58,266.487985
1.0,58,266.498808
1.0,68,266.511487
1.0,54,266.521596
1.0,54,266.531757
1.0,60,266.54297
1.0,52,266.552701
1.0,54,266.562781
1.0,66,266.575085
1.0,56,266.585567
1.0,58,266.596418
1.0,58,266.607255
1.0,50,266.616603
1.0,56,266.627092
1.0,60,266.638387
1.0,58,266.649238
1.0,58,266.660299
1.0,54,266.670433
1.0,54,266.680566
1.0,60,266.691798
1.0,54,266.701914
1.0,60,266.713135
1.0,58,266.724014
1.0,56,266.734485
1.0,56,266.745061
1.0,62,266.756655
1.0,62,266.76825
1.0,54,266.778385
1.0,54,266.78854
1.0,52,266.798257
1.0,60,266.809454
1.0,72,266.822882
1.0,56,266.833362
1.0,56,266.843831
1.0,58,266.854725
1.0,58,266.86568
1.0,52,266.87541
1.0,60,266.886624
1.0,50,266.895983
1.0,52,266.905702
1.0,58,266.916526
1.0,56,266.926975
1.0,56,266.937419
1.0,56,266.947922
1.0,56,266.958393
1.0,60,266.969622
1.0,56,266.980127
1.0,52,266.989854
1.0,52,266.99959
1.0,66,267.01192
1.0,62,267.023491
1.0,54,267.033619
1.0,62,267.045192
1.0,54,267.055325
1.0,54,267.06559
1.0,58,267.076458
1.0,60,267.087723
1.0,54,267.097861
1.0,56,267.108347
1.0,60,267.119591
1.0,54,267.129691
1.0,56,267.140137
1.0,63,267.151926
1.0,54,267.162039
1.0,54,267.172144
1.0,62,267.183733
1.0,68,267.19648
1.0,52,267.206206
1.0,66,267.218546
1.0,66,267.230834
1.0,50,267.24018
1.0,54,267.250281
1.0,66,267.262606
1.0,58,267.273614
1.0,60,267.284795
1.0,56,267.295291
1.0,58,267.306131
1.0,58,267.31697
1.0,64,267.328938
1.0,52,267.338689
1.0,56,267.349144
1.0,50,267.35853
1.0,58,267.369396
1.0,54,267.379542
1.0,52,267.389316
1.0,56,267.399814
1.0,54,267.409937
1.0,56,267.420404
1.0,56,267.430887
1.0,58,267.441752
1.0,54,267.451847
1.0,56,267.462344
1.0,66,267.474776
1.0,56,267.485255
1.0,54,267.495375
1.0,60,267.506555
1.0,54,267.516636
1.0,60,267.527928
1.0,58,267.538767
1.0,56,267.549247
1.0,54,267.559371
1.0,50,267.568733
1.0,60,267.57994
1.0,56,267.590439
1.0,68,267.603162
1.0,58,267.614017
1.0,54,267.624142
1.0,64,267.636116
1.0,50,267.645488
1.0,54,267.655626
1.0,56,267.666115
1.0,60,267.677461
1.0,60,267.6887
1.0,62,267.700322
1.0,54,267.710469
1.0,54,267.72058
1.0,58,267.731467
1.0,50,267.74088
1.0,54,267.751019
1.0,52,267.760733
1.0,64,267.772689
1.0,64,267.784657
1.0,56,267.795156
1.0,60,267.806402
1.0,62,267.81801
1.0,58,267.828874
1.0,56,267.839363
1.0,60,267.85061
1.0,58,267.86147
1.0,62,267.87308
1.0,60,267.88451
1.0,60,267.895775
1.0,56,267.906322
1.0,54,267.916516
1.0,52,267.926327
1.0,60,267.937629
1.0,56,267.948349
1.0,54,267.958738
1.0,54,267.969102
1.0,62,267.980936
1.0,70,267.994103
1.0,60,268.005395
1.0,60,268.016673
1.0,54,268.026842
1.0,62,268.03851
1.0,60,268.049808
1.0,72,268.063427
1.0,62,268.075109
1.0,56,268.085819
1.0,54,268.095992
1.0,68,268.108752
1.0,54,268.118903
1.0,54,268.129057
1.0,66,268.141449
1.0,56,268.152015
1.0,54,268.162148
1.0,52,268.17193
1.0,60,268.183205
1.0,52,268.193029
1.0,64,268.205181
1.0,66,268.217618
1.0,64,268.229748
1.0,56,268.240278
1.0,58,268.251226
1.0,54,268.261398
1.0,52,268.271144
1.0,56,268.281626
1.0,56,268.292218
1.0,56,268.302702
1.0,64,268.314684
1.0,54,268.324771
1.0,50,268.334131
1.0,56,268.344591
1.0,58,268.35548
1.0,60,268.366774
1.0,58,268.377613
1.0,58,268.388409
1.0,62,268.40004
1.0,62,268.411652
1.0,56,268.422126
1.0,66,268.434458
1.0,58,268.445294
1.0,52,268.455019
1.0,60,268.466228
1.0,58,268.477058
1.0,64,268.489121
1.0,58,268.499984
1.0,60,268.511191
1.0,58,268.522002
1.0,54,268.532175
1.0,52,268.541912
1.0,56,268.552384
1.0,56,268.562825
1.0,56,268.573296
1.0,58,268.584139
1.0,54,268.594234
1.0,54,268.604346
1.0,54,268.614545
1.0,60,268.625751
1.0,60,268.636987
1.0,60,268.648253
1.0,52,268.657966
1.0,54,268.668072
1.0,56,268.67856
1.0,64,268.69052
1.0,58,268.701498
1.0,54,268.711672
1.0,54,268.721787
1.0,58,268.732674
1.0,62,268.744288
1.0,58,268.755171
1.0,62,268.766793
1.0,66,268.779109
1.0,58,268.789965
1.0,64,268.802009
1.0,56,268.812456
1.0,52,268.822263
1.0,58,268.833096
1.0,52,268.842825
1.0,52,268.852554
1.0,60,268.863758
1.0,58,268.874667
1.0,54,268.884784
1.0,56,268.895371
1.0,54,268.905532
1.0,62,268.917125
1.0,58,268.927958
1.0,52,268.937677
1.0,54,268.947787
1.0,50,268.957137
1.0,54,268.96722
1.0,52,268.97694
1.0,56,268.987446
1.0,60,268.998674
1.0,56,269.00913
1.0,52,269.01886
1.0,52,269.028554
1.0,54,269.038641
1.0,56,269.049116
1.0,58,269.059987
1.0,56,269.070472
1.0,60,269.081681
1.0,62,269.093255
1.0,62,269.104985
1.0,52,269.114701
1.0,62,269.12625
1.0,58,269.137089
1.0,56,269.147556
1.0,54,269.157653
1.0,56,269.16812
1.0,54,269.178216
1.0,56,269.188698
1.0,62,269.200273
1.0,58,269.211155
1.0,56,269.221646
1.0,66,269.233977
1.0,52,269.243726
1.0,56,269.254202
1.0,58,269.265129
1.0,54,269.275236
1.0,56,269.285708
1.0,66,269.298046
1.0,54,269.308328
1.0,56,269.318796
1.0,56,269.32924
1.0,52,269.338964
1.0,56,269.349421
1.0,52,269.359171
1.0,50,269.368504
1.0,56,269.378983
1.0,62,269.390606
1.0,58,269.401465
1.0,52,269.411237
1.0,54,269.421322
1.0,56,269.431811
1.0,56,269.44229
1.0,58,269.453114
1.0,66,269.465432
1.0,54,269.475549
1.0,52,269.485279
1.0,58,269.496112
1.0,66,269.508561
1.0,62,269.520143
1.0,56,269.530629
1.0,60,269.541823
1.0,58,269.55275
1.0,70,269.565832
1.0,60,269.57705
1.0,54,269.587146
1.0,60,269.598373
1.0,56,269.608847
1.0,58,269.619669
1.0,52,269.629381
1.0,64,269.641343
1.0,56,269.651833
1.0,56,269.662359
1.0,54,269.672493
1.0,58,269.683342
1.0,50,269.692698
1.0,56,269.703189
1.0,56,269.713812
1.0,56,269.724305
1.0,52,269.734042
1.0,60,269.745294
1.0,56,269.755777
1.0,58,269.766622
1.0,54,269.776733
1.0,58,269.787588
1.0,58,269.798448
1.0,52,269.808173
1.0,54,269.818266
1.0,54,269.828441
1.0,58,269.839257
1.0,52,269.84902
1.0,54,269.859141
1.0,52,269.868893
1.0,52,269.87864
1.0,52,269.888426
1.0,56,269.898906
1.0,58,269.909736
1.0,52,269.919631
1.0,54,269.929733
1.0,54,269.939857
1.0,60,269.951094
1.0,58,269.961952
1.0,54,269.97205
1.0,54,269.982124
1.0,66,269.994478
1.0,58,270.005294
1.0,54,270.015404
1.0,52,270.025216
1.0,60,270.036441
1.0,54,270.046547
1.0,60,270.057747
1.0,60,270.06897
1.0,58,270.079807
1.0,64,270.091776
1.0,60,270.103037
1.0,60,270.114241
1.0,60,270.125599
1.0,60,270.136825
1.0,64,270.148757
1.0,54,270.158853
1.0,68,270.171521
1.0,54,270.181662
1.0,54,270.191767
1.0,58,270.202624
1.0,56,270.213169
1.0,54,270.223264
1.0,54,270.233368
1.0,56,270.243842
1.0,58,270.254687
1.0,56,270.265119
1.0,54,270.275206
1.0,50,270.284549
1.0,56,270.295
1.0,56,270.305483
1.0,62,270.317079
1.0,60,270.32847
1.0,50,270.337843
1.0,54,270.347931
1.0,52,270.357646
1.0,70,270.370725
1.0,52,270.380512
1.0,64,270.392474
1.0,62,270.404085
1.0,58,270.414953
1.0,62,270.426548
1.0,54,270.436679
1.0,54,270.446789
1.0,54,270.456897
1.0,58,270.467796
1.0,64,270.479769
1.0,60,270.491103
1.0,58,270.501934
1.0,58,270.51278
1.0,70,270.525856
1.0,58,270.536835
1.0,58,270.547722
1.0,52,270.557467
1.0,52,270.56719
1.0,56,270.577655
1.0,58,270.588505
1.0,58,270.599437
1.0,54,270.6096
1.0,54,270.619707
1.0,60,270.630962
1.0,56,270.641547
1.0,62,270.653204
1.0,62,270.664879
1.0,64,270.676852
1.0,60,270.688079
1.0,56,270.698657
1.0,54,270.708802
1.0,56,270.719344
1.0,58,270.730235
1.0,52,270.740135
1.0,60,270.751319
1.0,66,270.763655
1.0,56,270.774139
1.0,52,270.783923
1.0,62,270.795511
1.0,58,270.806372
1.0,54,270.816489
1.0,54,270.826619
1.0,52,270.836369
1.0,50,270.845741
1.0,56,270.856246
1.0,58,270.86709
1.0,56,270.877578
1.0,50,270.886945
1.0,60,270.898154
1.0,52,270.907894
1.0,56,270.918373
1.0,60,270.929622
1.0,54,270.939911
1.0,58,270.950761
1.0,58,270.961604
1.0,54,270.971703
1.0,56,270.982201
1.0,52,270.991976
1.0,58,271.002843
1.0,58,271.01368
1.0,56,271.024149
1.0,52,271.033877
1.0,64,271.045823
1.0,56,271.056368
1.0,60,271.067567
1.0,54,271.077685
1.0,54,271.087802
1.0,62,271.099395
1.0,52,271.10915
1.0,60,271.120394
1.0,54,271.130527
1.0,60,271.141902
1.0,54,271.151989
1.0,58,271.162822
1.0,54,271.172991
1.0,56,271.183446
1.0,52,271.193179
1.0,64,271.205139
1.0,54,271.215258
1.0,54,271.225376
1.0,56,271.235847
1.0,54,271.245936
1.0,60,271.257133
1.0,54,271.267255
1.0,60,271.278482
1.0,64,271.290458
1.0,60,271.301677
1.0,60,271.312877
1.0,54,271.322985
1.0,58,271.333823
1.0,56,271.344433
1.0,54,271.354558
1.0,52,271.364363
1.0,58,271.375234
1.0,64,271.38717
1.0,52,271.396922
1.0,60,271.408167
1.0,56,271.418688
1.0,58,271.429552
1.0,52,271.439292
1.0,62,271.450895
1.0,58,271.46172
1.0,58,271.472569
1.0,62,271.484145
1.0,64,271.496102
1.0,66,271.508481
1.0,56,271.518956
1.0,56,271.52943
1.0,64,271.541448
1.0,56,271.552053
1.0,58,271.562863
1.0,58,271.573698
1.0,50,271.583063
1.0,62,271.594606
1.0,54,271.604712
1.0,56,271.615152
1.0,54,271.625251
1.0,52,271.634963
1.0,60,271.646204
1.0,60,271.65742
1.0,62,271.669081
1.0,60,271.680289
1.0,56,271.690739
1.0,64,271.70268
1.0,52,271.71243
1.0,52,271.722151
1.0,58,271.733004
1.0,56,271.743462
1.0,58,271.754427
1.0,52,271.764153
1.0,58,271.775002
1.0,68,271.787686
1.0,56,271.798161
1.0,50,271.807531
1.0,56,271.818028
1.0,52,271.827767
1.0,56,271.838249
1.0,58,271.849062
1.0,60,271.860263
1.0,56,271.870748
1.0,54,271.880827
1.0,60,271.892027
1.0,58,271.902869
1.0,52,271.912576
1.0,60,271.923766
1.0,60,271.934958
1.0,56,271.945393
1.0,58,271.956358
1.0,54,271.966454
1.0,52,271.976196
1.0,68,271.98888
1.0,52,271.998628
1.0,60,272.009855
1.0,56,272.020299
1.0,52,272.03003
1.0,52,272.039769
1.0,60,272.050962
1.0,54,272.061082
1.0,54,272.071177
1.0,54,272.081261
1.0,64,272.093194
1.0,56,272.103658
1.0,52,272.113392
1.0,52,272.123115
1.0,56,272.133559
1.0,62,272.145165
1.0,66,272.157487
1.0,50,272.166973
1.0,54,272.177071
1.0,52,272.186769
1.0,56,272.197208
1.0,56,272.20769
1.0,54,272.217781
1.0,54,272.227827
1.0,64,272.239774
1.0,62,272.251348
1.0,54,272.261479
1.0,56,272.27195
1.0,64,272.283891
1.0,58,272.294703
1.0,58,272.30552
1.0,60,272.316706
1.0,60,272.327907
1.0,60,272.339086
1.0,54,272.349195
1.0,52,272.358914
1.0,54,272.369246
1.0,56,272.379771
1.0,60,272.390956
1.0,60,272.40219
1.0,58,272.41304
1.0,56,272.423494
1.0,52,272.43329
1.0,58,272.444098
1.0,54,272.454262
1.0,58,272.465111
1.0,58,272.475917
1.0,56,272.486407
1.0,60,272.497649
1.0,56,272.508134
1.0,54,272.518238
1.0,58,272.529092
1.0,56,272.539544
1.0,56,272.549981
1.0,60,272.56119
1.0,52,272.571067
1.0,64,272.582985
1.0,58,272.59384
1.0,54,272.603956
1.0,60,272.615195
1.0,62,272.626789
1.0,58,272.637611
1.0,58,272.648469
1.0,60,272.659762
1.0,50,272.6691
1.0,54,272.679198
1.0,58,272.690013
1.0,56,272.700493
1.0,58,272.71134
1.0,52,272.721076
1.0,58,272.731885
1.0,56,272.742371
1.0,56,272.752835
1.0,54,272.762947
1.0,56,272.773528
1.0,62,272.785094
1.0,60,272.796344
1.0,62,272.807896
1.0,54,272.817991
1.0,54,272.828097
1.0,54,272.838204
1.0,58,272.8491
1.0,56,272.859506
1.0,60,272.87072
1.0,58,272.881533
1.0,52,272.891249
1.0,54,272.901408
1.0,58,272.912245
1.0,54,272.922338
1.0,60,272.933533
1.0,54,272.943614
1.0,54,272.953708
1.0,62,272.965361
1.0,56,272.975964
1.0,66,272.988343
1.0,62,272.999933
1.0,50,273.009308
1.0,52,273.01905
1.0,58,273.029896
1.0,54,273.039991
1.0,54,273.050142
1.0,56,273.060639
1.0,60,273.071919
1.0,74,273.08572
1.0,58,273.096568
1.0,54,273.106715
1.0,62,273.118294
1.0,64,273.130288
1.0,58,273.141107
1.0,54,273.151178
1.0,56,273.161705
1.0,58,273.172575
1.0,60,273.183973
1.0,58,273.194835
1.0,64,273.206776
1.0,52,273.216573
1.0,58,273.227439
1.0,64,273.239352
1.0,58,273.250207
1.0,50,273.259571
1.0,70,273.272644
1.0,54,273.282743
1.0,66,273.295045
1.0,52,273.304772
1.0,54,273.314868
1.0,56,273.325422
1.0,56,273.336072
1.0,52,273.34581
1.0,58,273.356727
1.0,56,273.367218
1.0,52,273.376932
1.0,62,273.388717
1.0,54,273.398819
1.0,54,273.4089
1.0,58,273.419739
1.0,66,273.432057
1.0,60,273.443265
1.0,60,273.454476
1.0,54,273.464554
1.0,54,273.474615
1.0,60,273.485827
1.0,60,273.497014
1.0,64,273.50898
1.0,56,273.519431
1.0,60,273.53062
1.0,58,273.54143
1.0,60,273.552669
1.0,54,273.562759
1.0,50,273.572123
1.0,62,273.583704
1.0,58,273.59468
1.0,62,273.606262
1.0,52,273.615986
1.0,54,273.626081
1.0,60,273.637287
1.0,56,273.64776
1.0,54,273.65782
1.0,56,273.66833
1.0,68,273.681014
1.0,58,273.69186
1.0,54,273.701943
1.0,54,273.712045
1.0,52,273.721845
1.0,60,273.73305
1.0,58,273.743944
1.0,60,273.755138
1.0,56,273.76562
1.0,54,273.775733
1.0,58,273.786587
1.0,54,273.796874
1.0,56,273.807346
1.0,56,273.817794
1.0,56,273.828339
1.0,52,273.838049
1.0,50,273.847433
1.0,64,273.859395
1.0,52,273.869116
1.0,58,273.879934
1.0,56,273.890442
1.0,52,273.90017
1.0,62,273.91179
1.0,52,273.921482
1.0,52,273.931201
1.0,52,273.940948
1.0,56,273.951415
1.0,66,273.963789
1.0,52,273.973512
1.0,60,273.984718
1.0,62,273.996403
1.0,54,274.006486
1.0,58,274.017331
1.0,62,274.028886
1.0,52,274.038593
1.0,60,274.049777
1.0,52,274.059586
1.0,66,274.0719
1.0,62,274.083566
1.0,60,274.094723
1.0,50,274.104059
1.0,58,274.114862
1.0,56,274.125278
1.0,54,274.135368
1.0,58,274.146151
1.0,56,274.156589
1.0,56,274.167108
1.0,52,274.176828
1.0,58,274.187644
1.0,56,274.198117
1.0,58,274.20912
1.0,56,274.219641
1.0,60,274.230821
1.0,60,274.242141
1.0,60,274.253338
1.0,56,274.263797
1.0,60,274.275016
1.0,58,274.285908
1.0,58,274.296748
1.0,60,274.30806
1.0,62,274.319623
1.0,56,274.330068
1.0,68,274.342775
1.0,62,274.354379
1.0,56,274.364834
1.0,56,274.375329
1.0,54,274.385419
1.0,56,274.395884
1.0,60,274.407222
1.0,50,274.416614
1.0,54,274.426747
1.0,54,274.43689
1.0,64,274.448949
1.0,54,274.459125
1.0,56,274.469655
1.0,56,274.480129
1.0,58,274.490967
1.0,56,274.501492
1.0,62,274.513108
1.0,66,274.525413
1.0,54,274.535531
1.0,62,274.547145
1.0,54,274.557308
1.0,54,274.567394
1.0,54,274.577498
1.0,60,274.588775
1.0,56,274.599312
1.0,58,274.610302
1.0,52,274.620049
1.0,54,274.630166
1.0,56,274.640692
1.0,58,274.651558
1.0,50,274.660915
1.0,54,274.67108
1.0,52,274.680816
1.0,60,274.692091
1.0,66,274.7044
1.0,62,274.715969
1.0,56,274.726465
1.0,74,274.74027
1.0,60,274.751498
1.0,58,274.762294
1.0,72,274.775675
1.0,58,274.786525
1.0,54,274.796634
1.0,58,274.807484
1.0,58,274.818416
1.0,54,274.828505
1.0,60,274.839792
1.0,62,274.851351
1.0,54,274.861507
1.0,54,274.871586
1.0,56,274.882056
1.0,54,274.892152
1.0,56,274.902608
1.0,50,274.911954
1.0,60,274.923121
1.0,56,274.93358
1.0,60,274.944768
1.0,58,274.955569
1.0,60,274.966774
1.0,54,274.97685
1.0,54,274.986944
1.0,56,274.997419
1.0,56,275.007888
1.0,58,275.018832
1.0,60,275.030039
1.0,56,275.040492
1.0,60,275.051682
1.0,60,275.06288
1.0,60,275.07411
1.0,54,275.084241
1.0,54,275.094334
1.0,58,275.105166
1.0,64,275.117115
1.0,54,275.127222
1.0,58,275.138089
1.0,54,275.148274
1.0,50,275.157727
1.0,56,275.16827
1.0,54,275.178422
1.0,54,275.188612
1.0,52,275.198329
1.0,58,275.209178
1.0,56,275.219782
1.0,60,275.231002
1.0,62,275.242608
1.0,58,275.253445
1.0,58,275.264281
1.0,50,275.273626
1.0,64,275.28557
1.0,58,275.296424
1.0,52,275.306169
1.0,52,275.315905
1.0,60,275.32713
1.0,54,275.337337
1.0,56,275.347887
1.0,58,275.358772
1.0,52,275.368518
1.0,58,275.379379
1.0,50,275.38874
1.0,54,275.39884
1.0,56,275.409294
1.0,56,275.419789
1.0,64,275.431914
1.0,62,275.443599
1.0,56,275.454212
1.0,58,275.465138
1.0,60,275.476501
1.0,66,275.488839
1.0,58,275.49966
1.0,64,275.511596
1.0,54,275.521687
1.0,52,275.531403
1.0,58,275.542218
1.0,54,275.552318
1.0,58,275.563167
1.0,54,275.573271
1.0,52,275.583008
1.0,56,275.593455
1.0,60,275.604656
1.0,58,275.615502
1.0,52,275.625226
1.0,52,275.635126
1.0,62,275.646837
1.0,66,275.659251
1.0,58,275.670102
1.0,62,275.681748
1.0,56,275.6922
1.0,58,275.703111
1.0,54,275.713208
1.0,56,275.723677
1.0,58,275.734549
1.0,58,275.745363
1.0,58,275.756213
1.0,54,275.766277
1.0,54,275.776352
1.0,64,275.788332
1.0,56,275.798778
1.0,54,275.808869
1.0,52,275.818655
1.0,64,275.830616
1.0,54,275.840805
1.0,60,275.852009
1.0,54,275.862218
1.0,54,275.872511
1.0,54,275.882664
1.0,60,275.893838
1.0,56,275.904328
1.0,54,275.914402
1.0,54,275.924557
1.0,62,275.936097
1.0,54,275.946194
1.0,54,275.956267
1.0,58,275.967093
1.0,54,275.97718
1.0,52,275.986912
1.0,54,275.996962
1.0,56,276.007507
1.0,54,276.017606
1.0,62,276.029191
1.0,54,276.039458
1.0,52,276.049175
1.0,58,276.059996
1.0,60,276.071203
1.0,58,276.082022
1.0,52,276.091725
1.0,56,276.102186
1.0,50,276.111628
1.0,58,276.122432
1.0,54,276.132519
1.0,54,276.142584
1.0,56,276.153084
1.0,56,276.16355
1.0,60,276.174706
1.0,58,276.185583
1.0,62,276.197158
1.0,54,276.207253
1.0,54,276.217345
1.0,56,276.227792
1.0,58,276.238645
1.0,54,276.248819
1.0,66,276.261106
1.0,58,276.271903
1.0,63,276.283648
1.0,63,276.295352
1.0,58,276.306151
1.0,56,276.316586
1.0,52,276.326286
1.0,58,276.337043
1.0,54,276.347177
1.0,58,276.358101
1.0,56,276.368556
1.0,58,276.379427
1.0,60,276.390595
1.0,54,276.400665
1.0,54,276.410813
1.0,64,276.422727
1.0,52,276.432472
1.0,56,276.44296
1.0,60,276.454194
1.0,52,276.463964
1.0,56,276.474404
1.0,54,276.484498
1.0,62,276.496029
1.0,58,276.506843
1.0,52,276.516623
1.0,54,276.526705
1.0,56,276.537129
1.0,62,276.548662
1.0,62,276.560225
1.0,54,276.570305
1.0,66,276.582698
1.0,54,276.592794
1.0,58,276.60371
1.0,56,276.614161
1.0,54,276.624262
1.0,56,276.634725
1.0,58,276.645547
1.0,62,276.657254
1.0,56,276.667722
1.0,52,276.677472
1.0,58,276.688316
1.0,54,276.698402
1.0,56,276.708906
1.0,54,276.719018
1.0,68,276.731708
1.0,66,276.74406
1.0,54,276.754135
1.0,58,276.764927
1.0,50,276.77426
1.0,56,276.784718
1.0,54,276.79481
1.0,50,276.804163
1.0,54,276.814233
1.0,58,276.825116
1.0,58,276.835957
1.0,58,276.846823
1.0,52,276.856698
1.0,56,276.86717
1.0,60,276.878443
1.0,58,276.889253
1.0,64,276.901193
1.0,58,276.912064
1.0,64,276.924031
1.0,54,276.934195
1.0,66,276.946488
1.0,60,276.957654
1.0,60,276.968837
1.0,66,276.981094
1.0,60,276.992271
1.0,54,277.002337
1.0,54,277.012378
1.0,58,277.023151
1.0,54,277.033229
1.0,62,277.044778
1.0,70,277.057982
1.0,56,277.068459
1.0,58,277.079291
1.0,56,277.089714
1.0,64,277.101627
1.0,58,277.112484
1.0,56,277.122949
1.0,64,277.134908
1.0,56,277.145353
1.0,60,277.156543
1.0,56,277.167284
1.0,54,277.177357
1.0,60,277.188541
1.0,64,277.200453
1.0,56,277.210889
1.0,58,277.221704
1.0,58,277.232511
1.0,54,277.24259
1.0,56,277.253029
1.0,50,277.262503
1.0,58,277.273293
1.0,60,277.284441
1.0,50,277.293791
1.0,54,277.30385
1.0,56,277.314285
1.0,56,277.324722
1.0,56,277.335168
1.0,62,277.346705
1.0,54,277.356805
1.0,60,277.367985
1.0,54,277.378054
1.0,64,277.39002
1.0,58,277.400836
1.0,60,277.412179
1.0,60,277.423413
1.0,56,277.433884
1.0,52,277.4436
1.0,60,277.454798
1.0,58,277.465721
1.0,56,277.476183
1.0,56,277.48664
1.0,54,277.496694
1.0,56,277.507157
1.0,60,277.518346
1.0,66,277.530623
1.0,58,277.541449
1.0,56,277.551882
1.0,62,277.563405
1.0,54,277.573467
1.0,58,277.58426
1.0,60,277.59547
1.0,52,277.605207
1.0,56,277.615672
1.0,58,277.626536
1.0,62,277.638113
1.0,56,277.64859
1.0,68,277.661253
1.0,52,277.671109
1.0,50,277.680454
1.0,58,277.691267
1.0,56,277.7017
1.0,50,277.711041
1.0,56,277.721511
1.0,64,277.733426
1.0,62,277.744963
1.0,58,277.755807
1.0,56,277.766255
1.0,58,277.777063
1.0,56,277.787519
1.0,56,277.797974
1.0,62,277.809526
1.0,62,277.821099
1.0,52,277.830802
1.0,62,277.84234
1.0,52,277.852064
1.0,56,277.862494
1.0,54,277.872692
1.0,54,277.882776
1.0,58,277.893597
1.0,58,277.90441
1.0,56,277.914867
1.0,56,277.925303
1.0,58,277.936133
1.0,54,277.946204
1.0,58,277.957025
1.0,64,277.968981
1.0,64,277.98107
1.0,60,277.992239
1.0,56,278.002682
1.0,52,278.012393
1.0,60,278.023561
1.0,58,278.034356
1.0,60,278.045519
1.0,54,278.055587
1.0,58,278.066379
1.0,56,278.076936
1.0,56,278.08739
1.0,56,278.097835
1.0,52,278.107523
1.0,54,278.11762
1.0,62,278.129193
1.0,56,278.139636
1.0,54,278.149721
1.0,56,278.160189
1.0,56,278.170662
1.0,60,278.181881
1.0,58,278.192709
1.0,54,278.202805
1.0,62,278.214335
1.0,58,278.22514
1.0,60,278.236316
1.0,58,278.247142
1.0,56,278.257582
1.0,62,278.269111
1.0,52,278.278855
1.0,401,278.354385
1.0,54,278.364585
1.0,66,278.376965
1.0,54,278.387108
1.0,52,278.396849
1.0,66,278.409188
1.0,60,278.420441
1.0,58,278.431326
1.0,52,278.441119
1.0,54,278.451263
1.0,54,278.461376
1.0,66,278.473734
1.0,54,278.483991
1.0,62,278.495587
1.0,60,278.506776
1.0,62,278.518405
1.0,58,278.529258
1.0,52,278.539038
1.0,56,278.549527
1.0,60,278.560769
1.0,60,278.571981
1.0,62,278.583585
1.0,58,278.594434
1.0,64,278.606387
1.0,60,278.617612
1.0,62,278.629201
1.0,60,278.640407
1.0,52,278.650145
1.0,50,278.659522
1.0,66,278.671872
1.0,54,278.681952
1.0,54,278.692247
1.0,54,278.702358
1.0,58,278.713225
1.0,52,278.722975
1.0,52,278.732713
1.0,56,278.743211
1.0,56,278.753677
1.0,56,278.76416
1.0,56,278.774672
1.0,54,278.784783
1.0,62,278.796363
1.0,56,278.806828
1.0,54,278.816934
1.0,56,278.827409
1.0,56,278.837893
1.0,54,278.84799
1.0,58,278.858877
1.0,54,278.868995
1.0,60,278.880238
1.0,54,278.890342
1.0,58,278.901322
1.0,58,278.912179
1.0,56,278.922672
1.0,62,278.934291
1.0,58,278.945112
1.0,54,278.955205
1.0,56,278.965663
1.0,56,278.976123
1.0,64,278.988069
1.0,54,278.998181
1.0,50,279.007566
1.0,60,279.018793
1.0,54,279.028909
1.0,56,279.039371
1.0,60,279.050585
1.0,54,279.060706
1.0,52,279.070446
1.0,54,279.080567
1.0,58,279.091407
1.0,54,279.101638
1.0,60,279.112864
1.0,66,279.125173
1.0,60,279.136409
1.0,58,279.147285
1.0,64,279.159273
1.0,54,279.169378
1.0,54,279.179538
1.0,72,279.192988
1.0,56,279.203493
1.0,62,279.21509
1.0,58,279.225949
1.0,56,279.236471
1.0,56,279.246978
1.0,52,279.256734
1.0,54,279.266846
1.0,56,279.277352
1.0,56,279.287878
1.0,56,279.298417
1.0,54,279.308712
1.0,50,279.318161
1.0,58,279.329091
1.0,60,279.340386
1.0,60,279.351804
1.0,54,279.36203
1.0,52,279.371905
1.0,54,279.382163
1.0,56,279.392725
1.0,54,279.402916
1.0,56,279.413504
1.0,62,279.425246
1.0,54,279.435503
1.0,56,279.4461
1.0,64,279.45815
1.0,60,279.469474
1.0,54,279.479695
1.0,52,279.489513
1.0,56,279.500054
1.0,58,279.511103
1.0,54,279.521249
1.0,52,279.531041
1.0,58,279.541941
1.0,62,279.553595
1.0,62,279.565208
1.0,50,279.574607
1.0,62,279.58624
1.0,56,279.596749
1.0,58,279.607641
1.0,52,279.617404
1.0,56,279.627916
1.0,54,279.63803
1.0,56,279.648573
1.0,58,279.659472
1.0,58,279.670331
1.0,68,279.683074
1.0,52,279.69284
1.0,58,279.703718
1.0,68,279.716599
1.0,62,279.72824
1.0,52,279.738023
1.0,52,279.747837
1.0,58,279.758768
1.0,62,279.770394
1.0,58,279.781318
1.0,58,279.792238
1.0,58,279.803199
1.0,62,279.814851
1.0,54,279.825084
1.0,64,279.837104
1.0,52,279.8469
1.0,52,279.856865
1.0,52,279.866703
1.0,52,279.876548
1.0,60,279.887824
1.0,58,279.898744
1.0,62,279.910412
1.0,68,279.923341
1.0,60,279.934677
1.0,56,279.945198
1.0,56,279.95577
1.0,54,279.965904
1.0,58,279.976779
1.0,56,279.987305
1.0,54,279.997469
1.0,56,280.007952
1.0,56,280.018494
1.0,54,280.028604
1.0,54,280.038754
1.0,62,280.050474
1.0,56,280.060956
1.0,50,280.070385
1.0,66,280.082797
1.0,62,280.094455
1.0,60,280.105827
1.0,66,280.118363
1.0,54,280.12857
1.0,56,280.139071
1.0,58,280.149987
1.0,56,280.160506
1.0,58,280.171394
1.0,56,280.181877
1.0,60,280.193133
1.0,56,280.20366
1.0,62,280.215321
1.0,64,280.227344
1.0,58,280.238224
1.0,62,280.249882
1.0,54,280.260023
1.0,58,280.270907
1.0,54,280.28107
1.0,58,280.29194
1.0,60,280.303184
1.0,58,280.314043
1.0,54,280.324348
1.0,60,280.335613
1.0,52,280.345412
1.0,58,280.35639
1.0,58,280.367288
1.0,52,280.377064
1.0,58,280.388078
1.0,70,280.401302
1.0,54,280.411631
1.0,56,280.42222
1.0,62,280.433898
1.0,52,280.44374
1.0,56,280.454308
1.0,58,280.465231
1.0,64,280.477225
1.0,54,280.48738
1.0,62,280.498962
1.0,58,280.509837
1.0,64,280.521837
1.0,64,280.533967
1.0,54,280.544071
1.0,50,280.553469
1.0,56,280.564009
1.0,60,280.575337
1.0,56,280.585904
1.0,56,280.596436
1.0,62,280.60816
1.0,50,280.617594
1.0,52,280.627489
1.0,60,280.638793
1.0,62,280.650478
1.0,54,280.660697
1.0,60,280.671971
1.0,56,280.68254
1.0,56,280.693151
1.0,54,280.703393
1.0,56,280.713985
1.0,60,280.725302
1.0,52,280.735239
1.0,56,280.745813
1.0,54,280.755996
1.0,56,280.766549
1.0,56,280.777109
1.0,60,280.788398
1.0,54,280.798606
1.0,52,280.808434
1.0,54,280.818603
1.0,54,280.828779
1.0,52,280.83863
1.0,56,280.849187
1.0,58,280.860111
1.0,54,280.870248
1.0,52,280.880019
1.0,56,280.890518
1.0,56,280.901021
1.0,58,280.911899
1.0,58,280.922734
1.0,50,280.932233
1.0,54,280.942325
1.0,58,280.953198
1.0,62,280.964763
1.0,54,280.975194
1.0,54,280.985781
1.0,58,280.997031
1.0,52,281.007123
1.0,60,281.018625
1.0,56,281.029445
1.0,52,281.039353
1.0,56,281.049961
1.0,58,281.060818
1.0,64,281.072771
1.0,52,281.082494
1.0,50,281.091867
1.0,60,281.103081
1.0,66,281.115411
1.0,52,281.125167
1.0,56,281.135759
1.0,56,281.146272
1.0,52,281.156018
1.0,52,281.165776
1.0,58,281.176612
1.0,54,281.186712
1.0,56,281.197182
1.0,52,281.206939
1.0,64,281.218874
1.0,56,281.229349
1.0,56,281.239835
1.0,58,281.250693
1.0,50,281.26008
1.0,60,281.271306
1.0,52,281.281066
1.0,64,281.293017
1.0,54,281.303169
1.0,54,281.313359
1.0,54,281.323471
1.0,62,281.33506
1.0,54,281.345317
1.0,60,281.356565
1.0,56,281.36705
1.0,52,281.376772
1.0,54,281.386903
1.0,60,281.398104
1.0,52,281.407824
1.0,60,281.419081
1.0,58,281.429924
1.0,60,281.44114
1.0,58,281.451999
1.0,62,281.463592
1.0,54,281.473733
1.0,66,281.486143
1.0,58,281.497045
1.0,56,281.507532
1.0,60,281.518792
1.0,68,281.531583
1.0,54,281.541745
1.0,54,281.552002
1.0,62,281.563666
1.0,58,281.574543
1.0,62,281.586225
1.0,54,281.596349
1.0,58,281.607239
1.0,58,281.618095
1.0,50,281.627472
1.0,60,281.638706
1.0,56,281.649202
1.0,56,281.659656
1.0,58,281.670537
1.0,52,281.680279
1.0,58,281.691139
1.0,56,281.70164
1.0,56,281.712124
1.0,50,281.721511
1.0,66,281.733946
1.0,52,281.743706
1.0,54,281.753955
1.0,56,281.764427
1.0,60,281.77565
1.0,52,281.785418
1.0,58,281.796307
1.0,56,281.807061
1.0,52,281.816792
1.0,54,281.826894
1.0,58,281.837752
1.0,58,281.848641
1.0,60,281.859891
1.0,58,281.870788
1.0,50,281.880188
1.0,58,281.891035
1.0,58,281.901896
1.0,58,281.912706
1.0,54,281.92286
1.0,52,281.932593
1.0,60,281.943816
1.0,62,281.955616
1.0,56,281.9661
1.0,62,281.977735
1.0,54,281.987855
1.0,58,281.998727
1.0,62,282.010339
1.0,54,282.020455
1.0,64,282.032437
1.0,62,282.044039
1.0,54,282.054132
1.0,58,282.065003
1.0,52,282.074767
1.0,54,282.084892
1.0,60,282.096132
1.0,58,282.106989
1.0,58,282.117849
1.0,64,282.129845
1.0,52,282.13961
1.0,52,282.149349
1.0,62,282.161082
1.0,60,282.172314
1.0,62,282.183926
1.0,54,282.194069
1.0,54,282.204197
1.0,62,282.215831
1.0,60,282.227167
1.0,54,282.237318
1.0,58,282.24816
1.0,58,282.259013
1.0,52,282.268766
1.0,64,282.280745
1.0,58,282.291621
1.0,50,282.300988
1.0,56,282.311557
1.0,58,282.322391
1.0,56,282.332932
1.0,62,282.344528
1.0,58,282.355366
1.0,64,282.367494
1.0,60,282.378726
1.0,56,282.389195
1.0,56,282.399699
1.0,54,282.409857
1.0,54,282.41998
1.0,62,282.431589
1.0,60,282.442823
1.0,60,282.454035
1.0,54,282.464145
1.0,52,282.473893
1.0,68,282.486595
1.0,58,282.497471
1.0,54,282.507586
1.0,60,282.518799
1.0,66,282.531163
1.0,56,282.541664
1.0,62,282.553266
1.0,54,282.563422
1.0,58,282.574353
1.0,60,282.585647
1.0,54,282.595827
1.0,58,282.606703
1.0,60,282.617937
1.0,58,282.628828
1.0,60,282.640097
1.0,62,282.651759
1.0,56,282.662237
1.0,58,282.673103
1.0,62,282.684747
1.0,56,282.695251
1.0,54,282.70537
1.0,54,282.715505
1.0,58,282.726362
1.0,56,282.736871
1.0,58,282.747744
1.0,56,282.758217
1.0,62,282.769944
1.0,54,282.780109
1.0,54,282.790232
1.0,56,282.800735
1.0,54,282.810887
1.0,52,282.820647
1.0,56,282.831146
1.0,56,282.841598
1.0,52,282.851358
1.0,58,282.862224
1.0,54,282.872336
1.0,58,282.883214
1.0,58,282.894105
1.0,56,282.90459
1.0,58,282.915486
1.0,54,282.925631
1.0,58,282.9365
1.0,56,282.946997
1.0,62,282.958613
1.0,56,282.969094
1.0,60,282.980475
1.0,60,282.991749
1.0,58,283.002591
1.0,56,283.013048
1.0,56,283.023529
1.0,56,283.033999
1.0,58,283.044828
1.0,64,283.056772
1.0,60,283.067949
1.0,50,283.077289
1.0,62,283.088867
1.0,60,283.100087
1.0,60,283.111309
1.0,64,283.123264
1.0,56,283.133746
1.0,66,283.14605
1.0,58,283.156905
1.0,54,283.167014
1.0,54,283.177215
1.0,62,283.188815
1.0,54,283.198928
1.0,58,283.209764
1.0,60,283.220964
1.0,58,283.231854
1.0,58,283.242691
1.0,56,283.253156
1.0,62,283.264735
1.0,58,283.275609
1.0,58,283.28644
1.0,62,283.298038
1.0,64,283.310013
1.0,56,283.320511
1.0,54,283.33062
1.0,52,283.340359
1.0,52,283.350087
1.0,60,283.361299
1.0,52,283.371042
1.0,54,283.381312
1.0,62,283.392936
1.0,52,283.40269
1.0,58,283.413544
1.0,58,283.424406
1.0,56,283.434913
1.0,52,283.444648
1.0,54,283.454755
1.0,58,283.465669
1.0,58,283.47656
1.0,58,283.487425
1.0,54,283.497568
1.0,58,283.508469
1.0,58,283.519325
1.0,54,283.529725
1.0,60,283.540948
1.0,58,283.551796
1.0,62,283.563394
1.0,60,283.574629
1.0,62,283.586376
1.0,58,283.597235
1.0,54,283.607411
1.0,52,283.617171
1.0,62,283.628759
1.0,56,283.639239
1.0,62,283.650816
1.0,62,283.662432
1.0,52,283.672187
1.0,58,283.683045
1.0,54,283.693161
1.0,54,283.703288
1.0,58,283.714146
1.0,56,283.724637
1.0,62,283.736217
1.0,60,283.747439
1.0,58,283.75828
1.0,68,283.770989
1.0,72,283.784456
1.0,56,283.795065
1.0,50,283.804415
1.0,64,283.81635
1.0,60,283.827533
1.0,62,283.839104
1.0,52,283.848837
1.0,60,283.860061
1.0,52,283.869775
1.0,56,283.880238
1.0,58,283.891067
1.0,60,283.902285
1.0,54,283.912386
1.0,56,283.922806
1.0,62,283.934395
1.0,54,283.944495
1.0,54,283.954595
1.0,54,283.964687
1.0,50,283.974012
1.0,60,283.985239
1.0,54,283.995478
1.0,66,284.007802
1.0,50,284.017165
1.0,54,284.027259
1.0,62,284.038836
1.0,58,284.049669
1.0,52,284.059416
1.0,56,284.069874
1.0,62,284.081428
1.0,58,284.092262
1.0,66,284.104572
1.0,60,284.115715
1.0,56,284.126198
1.0,58,284.137054
1.0,58,284.147919
1.0,56,284.158382
1.0,62,284.16996
1.0,64,284.181927
1.0,56,284.192403
1.0,62,284.204105
1.0,56,284.214614
1.0,60,284.22584
1.0,54,284.235935
1.0,54,284.246051
1.0,56,284.256568
1.0,58,284.267415
1.0,58,284.278322
1.0,60,284.289588
1.0,54,284.29977
1.0,64,284.311816
1.0,64,284.323886
1.0,54,284.334079
1.0,56,284.344683
1.0,54,284.354924
1.0,62,284.366649
1.0,56,284.377204
1.0,54,284.387373
1.0,60,284.398641
1.0,58,284.409695
1.0,54,284.419928
1.0,56,284.430512
1.0,52,284.440349
1.0,58,284.451268
1.0,58,284.462161
1.0,58,284.473119
1.0,50,284.482516
1.0,54,284.492629
1.0,54,284.502753
1.0,58,284.513608
1.0,56,284.524144
1.0,50,284.533496
1.0,58,284.54436
1.0,62,284.556
1.0,52,284.565771
1.0,72,284.579206
1.0,60,284.590426
1.0,58,284.601284
1.0,70,284.614488
1.0,56,284.624987
1.0,60,284.63626
1.0,52,284.646007
1.0,54,284.656116
1.0,62,284.667715
1.0,52,284.677454
1.0,52,284.687191
1.0,56,284.697724
1.0,56,284.708219
1.0,56,284.718743
1.0,52,284.728513
1.0,52,284.738271
1.0,56,284.748764
1.0,58,284.759624
1.0,52,284.769381
1.0,52,284.779134
1.0,56,284.789626
1.0,64,284.801555
1.0,56,284.812077
1.0,64,284.824201
1.0,58,284.835041
1.0,63,284.846808
1.0,60,284.857991
1.0,60,284.869182
1.0,58,284.880028
1.0,64,284.892068
1.0,60,284.90328
1.0,62,284.914884
1.0,54,284.92503
1.0,56,284.935507
1.0,60,284.946695
1.0,54,284.956861
1.0,58,284.967766
1.0,56,284.978365
1.0,50,284.987829
1.0,56,284.998365
1.0,56,285.008921
1.0,64,285.021091
1.0,54,285.031351
1.0,58,285.042246
1.0,58,285.053157
1.0,56,285.06378
1.0,58,285.074711
1.0,56,285.085333
1.0,58,285.096248
1.0,54,285.106396
1.0,58,285.117291
1.0,50,285.126716
1.0,54,285.136848
1.0,54,285.147051
1.0,54,285.157155
1.0,56,285.167632
1.0,56,285.178088
1.0,60,285.189298
1.0,56,285.199817
1.0,56,285.21027
1.0,52,285.220026
1.0,58,285.231028
1.0,60,285.242258
1.0,58,285.253228
1.0,58,285.264895
1.0,54,285.27537
1.0,52,285.285413
1.0,58,285.296634
1.0,62,285.308622
1.0,56,285.319456
1.0,58,285.330598
1.0,62,285.342338
1.0,58,285.353241
1.0,56,285.363834
1.0,54,285.373939
1.0,58,285.384915
1.0,58,285.395849
1.0,62,285.407469
1.0,52,285.417266
1.0,54,285.427464
1.0,58,285.438332
1.0,60,285.449558
1.0,58,285.460401
1.0,56,285.470863
1.0,60,285.482073
1.0,54,285.492262
1.0,52,285.502026
1.0,58,285.512883
1.0,68,285.525582
1.0,56,285.53609
1.0,56,285.546575
1.0,52,285.556342
1.0,58,285.567214
1.0,54,285.577325
1.0,50,285.586701
1.0,64,285.59865
1.0,60,285.609856
1.0,62,285.621448
1.0,54,285.631678
1.0,56,285.642164
1.0,58,285.653016
1.0,60,285.664208
1.0,72,285.677665
1.0,54,285.687835
1.0,52,285.697579
1.0,60,285.708791
1.0,54,285.718907
1.0,56,285.729407
1.0,52,285.73915
1.0,52,285.748914
1.0,56,285.759392
1.0,54,285.769492
1.0,52,285.779241
1.0,56,285.789702
1.0,58,285.800545
1.0,58,285.811406
1.0,52,285.821181
1.0,56,285.831723
1.0,64,285.843841
1.0,54,285.853916
1.0,54,285.864053
1.0,58,285.874898
1.0,58,285.885757
1.0,58,285.896633
1.0,50,285.906022
1.0,52,285.915781
1.0,64,285.927832
1.0,54,285.938005
1.0,60,285.949295
1.0,58,285.960196
1.0,56,285.970706
1.0,62,285.982295
1.0,56,285.99283
1.0,52,286.002599
1.0,66,286.015018
1.0,56,286.025574
1.0,50,286.035006
1.0,52,286.044967
1.0,58,286.055848
1.0,56,286.066339
1.0,60,286.077605
1.0,52,286.087381
1.0,50,286.09674
1.0,60,286.107948
1.0,56,286.118422
1.0,58,286.129273
1.0,54,286.139354
1.0,882,286.305606
1.0,58,286.316676
1.0,66,286.32907
1.0,58,286.339936
1.0,60,286.351177
1.0,60,286.362384
1.0,54,286.372488
1.0,56,286.382952
1.0,60,286.394175
1.0,58,286.405023
1.0,56,286.41554
1.0,56,286.426077
1.0,60,286.437321
1.0,54,286.447553
1.0,54,286.457716
1.0,58,286.468568
1.0,58,286.479417
1.0,58,286.49022
1.0,56,286.500726
1.0,54,286.510908
1.0,62,286.522515
1.0,54,286.532668
1.0,54,286.542828
1.0,58,286.553672
1.0,56,286.564194
1.0,56,286.574675
1.0,60,286.58592
1.0,56,286.596439
1.0,62,286.608058
1.0,54,286.618207
1.0,58,286.629116
1.0,52,286.638896
1.0,58,286.649735
1.0,62,286.661474
1.0,50,286.670853
1.0,62,286.682461
1.0,56,286.692945
1.0,58,286.703806
1.0,60,286.715005
1.0,58,286.725862
1.0,56,286.736351
1.0,54,286.746489
1.0,60,286.75773
1.0,52,286.767509
1.0,62,286.779106
1.0,62,286.79071
1.0,54,286.800824
1.0,62,286.812447
1.0,54,286.822555
1.0,60,286.833774
1.0,56,286.844256
1.0,62,286.856011
1.0,54,286.86616
1.0,72,286.879699
1.0,56,286.890228
1.0,56,286.900728
1.0,54,286.910846
1.0,52,286.920583
1.0,56,286.931031
1.0,56,286.941534
1.0,60,286.952735
1.0,56,286.963215
1.0,50,286.972571
1.0,58,286.98345
1.0,58,286.994284
1.0,70,287.007367
1.0,54,287.017466
1.0,66,287.029803
1.0,68,287.042513
1.0,56,287.052984
1.0,54,287.063234
1.0,56,287.073732
1.0,56,287.084212
1.0,54,287.094308
1.0,52,287.104066
1.0,56,287.114531
1.0,58,287.1254
1.0,58,287.136239
1.0,60,287.147446
1.0,60,287.158673
1.0,52,287.168411
1.0,64,287.180373
1.0,58,287.191221
1.0,60,287.20246
1.0,56,287.212936
1.0,54,287.223081
1.0,52,287.232836
1.0,56,287.243374
1.0,54,287.253498
1.0,58,287.264515
1.0,56,287.275008
1.0,54,287.285145
1.0,50,287.294514
1.0,62,287.306113
1.0,58,287.316995
1.0,54,287.327105
1.0,52,287.336838
1.0,58,287.347708
1.0,60,287.358923
1.0,62,287.370671
1.0,56,287.381164
1.0,52,287.390913
1.0,60,287.402098
1.0,56,287.412647
1.0,58,287.423535
1.0,58,287.43438
1.0,58,287.44528
1.0,54,287.45542
1.0,54,287.465559
1.0,50,287.475094
1.0,54,287.485224
1.0,56,287.495757
1.0,59,287.506814
1.0,56,287.517299
1.0,52,287.527101
1.0,54,287.537265
1.0,62,287.548917
1.0,62,287.560571
1.0,62,287.572261
1.0,56,287.582779
1.0,58,287.5937
1.0,54,287.603845
1.0,62,287.615483
1.0,62,287.627127
1.0,58,287.638057
1.0,60,287.649324
1.0,52,287.659078
1.0,60,287.670346
1.0,58,287.681325
1.0,68,287.694064
1.0,64,287.706064
1.0,54,287.716236
1.0,52,287.72597
1.0,52,287.735766
1.0,56,287.746228
1.0,58,287.757101
1.0,52,287.766854
1.0,58,287.777728
1.0,58,287.788568
1.0,56,287.799081
1.0,58,287.809928
1.0,54,287.820043
1.0,66,287.832381
1.0,56,287.842866
1.0,54,287.852985
1.0,50,287.862382
1.0,52,287.872158
1.0,52,287.882052
1.0,60,287.893327
1.0,58,287.904211
1.0,70,287.917305
1.0,56,287.927831
1.0,52,287.937617
1.0,56,287.94813
1.0,54,287.958247
1.0,56,287.968761
1.0,54,287.978907
1.0,84,287.994692
1.0,70,288.007835
1.0,58,288.018759
1.0,60,288.030341
1.0,64,288.042348
1.0,54,288.052771
1.0,64,288.065559
1.0,54,288.076323
1.0,62,288.088876
1.0,54,288.099463
1.0,58,288.110777
1.0,60,288.122416
1.0,58,288.133738
1.0,60,288.145449
1.0,62,288.157491
1.0,52,288.16768
1.0,58,288.178994
1.0,64,288.191249
1.0,64,288.203271
1.0,56,288.213812
1.0,56,288.224451
1.0,56,288.235039
1.0,64,288.247061
1.0,56,288.257598
1.0,56,288.268145
1.0,64,288.280172
1.0,56,288.290841
1.0,56,288.301368
1.0,66,288.313787
1.0,52,288.32359
1.0,54,288.333723
1.0,56,288.34425
1.0,54,288.354392
1.0,54,288.364562
1.0,52,288.374345
1.0,58,288.385245
1.0,56,288.39575
1.0,66,288.408141
1.0,56,288.418697
1.0,56,288.429239
1.0,52,288.43902
1.0,56,288.449543
1.0,54,288.459767
1.0,54,288.469956
1.0,50,288.479433
1.0,56,288.490146
1.0,56,288.500707
1.0,62,288.51239
1.0,58,288.523301
1.0,56,288.533804
1.0,56,288.544336
1.0,54,288.554477
1.0,56,288.565017
1.0,50,288.574416
1.0,58,288.585317
1.0,60,288.596579
1.0,58,288.607538
1.0,50,288.616963
1.0,64,288.628952
1.0,56,288.639463
1.0,60,288.650724
1.0,66,288.663079
1.0,54,288.673229
1.0,54,288.683372
1.0,54,288.693619
1.0,56,288.704124
1.0,56,288.714639
1.0,50,288.72401
1.0,54,288.734138
1.0,52,288.743858
1.0,52,288.753636
1.0,54,288.76377
1.0,56,288.77427
1.0,54,288.784433
1.0,64,288.796445
1.0,60,288.807701
1.0,54,288.817953
1.0,54,288.82817
1.0,54,288.838362
1.0,62,288.850001
1.0,52,288.859813
1.0,54,288.869995
1.0,60,288.881295
1.0,56,288.891823
1.0,56,288.902653
1.0,50,288.912031
1.0,70,288.925131
1.0,58,288.936146
1.0,60,288.947536
1.0,52,288.95734
1.0,54,288.967527
1.0,62,288.979171
1.0,60,288.990442
1.0,56,289.001033
1.0,58,289.012056
1.0,54,289.022251
1.0,52,289.032034
1.0,54,289.042206
1.0,56,289.052757
1.0,58,289.063728
1.0,56,289.074265
1.0,58,289.085139
1.0,60,289.096499
1.0,60,289.107889
1.0,58,289.118919
1.0,56,289.129527
1.0,58,289.140512
1.0,56,289.151082
1.0,60,289.162381
1.0,54,289.172633
1.0,62,289.18433
1.0,54,289.194507
1.0,58,289.205411
1.0,60,289.216713
1.0,58,289.2277
1.0,58,289.238691
1.0,64,289.250823
1.0,62,289.262677
1.0,56,289.273384
1.0,64,289.285547
1.0,56,289.296257
1.0,56,289.307096
1.0,66,289.319664
1.0,56,289.3302
1.0,66,289.342705
1.0,56,289.35324
1.0,50,289.362669
1.0,56,289.37321
1.0,52,289.383022
1.0,54,289.393295
1.0,58,289.404273
1.0,58,289.415199
1.0,62,289.426853
1.0,56,289.437413
1.0,56,289.448066
1.0,62,289.45977
1.0,54,289.469919
1.0,62,289.481565
1.0,62,289.493168
1.0,54,289.503347
1.0,52,289.51326
1.0,60,289.524499
1.0,60,289.53577
1.0,62,289.547399
1.0,54,289.55762
1.0,56,289.568284
1.0,54,289.578503
1.0,54,289.588754
1.0,64,289.600859
1.0,56,289.611483
1.0,54,289.621662
1.0,54,289.631865
1.0,50,289.641271
1.0,56,289.651824
1.0,62,289.663528
1.0,54,289.673708
1.0,52,289.68363
1.0,54,289.693861
1.0,60,289.705183
1.0,56,289.715972
1.0,62,289.727632
1.0,52,289.737447
1.0,58,289.748353
1.0,58,289.759229
1.0,54,289.769413
1.0,56,289.779936
1.0,54,289.79018
1.0,54,289.80036
1.0,58,289.811281
1.0,60,289.822591
1.0,54,289.832791
1.0,62,289.844534
1.0,58,289.855455
1.0,52,289.865238
1.0,66,289.877658
1.0,60,289.888927
1.0,64,289.901003
1.0,58,289.911939
1.0,56,289.922647
1.0,56,289.933158
1.0,54,289.94331
1.0,58,289.954224
1.0,54,289.964414
1.0,56,289.97495
1.0,52,289.984759
1.0,54,289.994921
1.0,52,290.004681
1.0,64,290.016882
1.0,70,290.030042
1.0,60,290.041349
1.0,58,290.052302
1.0,56,290.062896
1.0,60,290.074274
1.0,56,290.084827
1.0,56,290.095446
1.0,52,290.105311
1.0,60,290.116605
1.0,54,290.126971
1.0,62,290.138669
1.0,60,290.150052
1.0,54,290.160229
1.0,64,290.172286
1.0,54,290.182545
1.0,60,290.193808
1.0,60,290.205099
1.0,56,290.215624
1.0,62,290.227232
1.0,58,290.238153
1.0,58,290.24904
1.0,60,290.260294
1.0,52,290.270073
1.0,56,290.280647
1.0,68,290.293506
1.0,52,290.30334
1.0,58,290.314503
1.0,60,290.326054
1.0,58,290.337152
1.0,62,290.348987
1.0,60,290.360499
1.0,60,290.371947
1.0,52,290.381845
1.0,54,290.392187
1.0,56,290.40286
1.0,52,290.41276
1.0,58,290.423637
1.0,54,290.433749
1.0,52,290.443538
1.0,54,290.453704
1.0,54,290.463905
1.0,54,290.474086
1.0,58,290.485007
1.0,64,290.497001
1.0,62,290.508682
1.0,56,290.519256
1.0,54,290.529542
1.0,54,290.539715
1.0,58,290.550597
1.0,54,290.560722
1.0,60,290.572004
1.0,54,290.5821
1.0,62,290.593721
1.0,56,290.604226
1.0,54,290.614358
1.0,54,290.624523
1.0,54,290.634717
1.0,64,290.646804
1.0,66,290.659225
1.0,58,290.670124
1.0,56,290.680676
1.0,64,290.692713
1.0,52,290.702525
1.0,62,290.714183
1.0,58,290.725151
1.0,58,290.736223
1.0,56,290.746777
1.0,58,290.757688
1.0,50,290.767104
1.0,60,290.778368
1.0,56,290.788901
1.0,60,290.800216
1.0,56,290.810733
1.0,62,290.822353
1.0,54,290.832544
1.0,58,290.843395
1.0,54,290.85354
1.0,56,290.864093
1.0,52,290.873861
1.0,54,290.884032
1.0,52,290.893831
1.0,58,290.904763
1.0,60,290.916121
1.0,54,290.926286
1.0,58,290.937378
1.0,56,290.947949
1.0,56,290.958526
1.0,54,290.968723
1.0,56,290.979297
1.0,56,290.989869
1.0,70,291.003062
1.0,54,291.01329
1.0,54,291.023515
1.0,57,291.034298
1.0,58,291.045315
1.0,58,291.056287
1.0,58,291.067228
1.0,56,291.077822
1.0,64,291.089931
1.0,58,291.100875
1.0,50,291.110329
1.0,60,291.12168
1.0,52,291.131572
1.0,56,291.142378
1.0,58,291.153363
1.0,54,291.163587
1.0,58,291.174545
1.0,58,291.185491
1.0,52,291.195365
1.0,54,291.205554
1.0,58,291.216532
1.0,52,291.226355
1.0,60,291.237696
1.0,62,291.249451
1.0,56,291.260005
1.0,66,291.272499
1.0,56,291.283134
1.0,56,291.293762
1.0,62,291.305599
1.0,52,291.315441
1.0,58,291.326335
1.0,52,291.336143
1.0,54,291.346478
1.0,64,291.358524
1.0,62,291.37018
1.0,60,291.381435
1.0,60,291.392672
1.0,56,291.403168
1.0,52,291.412966
1.0,54,291.423123
1.0,56,291.433643
1.0,56,291.444145
1.0,56,291.454645
1.0,56,291.465145
1.0,54,291.475262
1.0,62,291.486873
1.0,52,291.496664
1.0,62,291.508286
1.0,60,291.519537
1.0,54,291.529632
1.0,60,291.540871
1.0,50,291.550371
1.0,60,291.561602
1.0,62,291.573228
1.0,58,291.584092
1.0,60,291.595354
1.0,58,291.606209
1.0,56,291.616697
1.0,60,291.62795
1.0,54,291.638055
1.0,54,291.648185
1.0,58,291.659035
1.0,54,291.669142
1.0,56,291.679623
1.0,58,291.690523
1.0,58,291.701413
1.0,58,291.712258
1.0,56,291.722744
1.0,68,291.735451
1.0,58,291.746313
1.0,54,291.756542
1.0,54,291.766655
1.0,56,291.777145
1.0,62,291.788753
1.0,62,291.800379
1.0,54,291.810492
1.0,58,291.821355
1.0,56,291.831829
1.0,62,291.843426
1.0,56,291.853925
1.0,60,291.865227
1.0,62,291.876823
1.0,58,291.887702
1.0,60,291.898907
1.0,58,291.90977
1.0,56,291.920279
1.0,52,291.93006
1.0,68,291.942807
1.0,64,291.954807
1.0,66,291.967233
1.0,54,291.977313
1.0,52,291.987072
1.0,58,291.997936
1.0,56,292.008421
1.0,56,292.018927
1.0,52,292.02865
1.0,70,292.041743
1.0,56,292.052214
1.0,54,292.062306
1.0,64,292.07426
1.0,54,292.084449
1.0,56,292.094923
1.0,58,292.1058
1.0,62,292.117417
1.0,54,292.127505
1.0,56,292.13799
1.0,54,292.148138
1.0,56,292.158668
1.0,54,292.168897
1.0,58,292.179744
1.0,56,292.190189
1.0,59,292.201214
1.0,180,292.235197
1.0,60,292.246493
1.0,58,292.257387
1.0,52,292.267174
1.0,62,292.278813
1.0,56,292.28931
1.0,58,292.300213
1.0,60,292.311457
1.0,60,292.322744
1.0,58,292.333632
1.0,64,292.345623
1.0,50,292.35502
1.0,52,292.364917
1.0,54,292.375043
1.0,58,292.385907
1.0,58,292.396788
1.0,58,292.40766
1.0,52,292.417453
1.0,58,292.428399
1.0,58,292.439282
1.0,56,292.449786
1.0,58,292.46064
1.0,64,292.472643
1.0,58,292.483522
1.0,64,292.49551
1.0,56,292.506008
1.0,55,292.516351
1.0,56,292.526851
1.0,58,292.537763
1.0,58,292.548616
1.0,56,292.559111
1.0,58,292.570112
1.0,60,292.581335
1.0,56,292.591885
1.0,54,292.60202
1.0,56,292.61255
1.0,54,292.622705
1.0,58,292.63355
1.0,56,292.644073
1.0,58,292.654948
1.0,60,292.666195
1.0,52,292.67597
1.0,54,292.68609
1.0,56,292.696596
1.0,56,292.707106
1.0,52,292.716871
1.0,54,292.727015
1.0,63,292.738833
1.0,54,292.74896
1.0,62,292.760576
1.0,62,292.772326
1.0,54,292.782457
1.0,54,292.792577
1.0,62,292.804183
1.0,54,292.814314
1.0,57,292.824999
1.0,62,292.836595
1.0,58,292.847456
1.0,58,292.858324
1.0,52,292.868097
1.0,54,292.878207
1.0,58,292.889066
1.0,66,292.901486
1.0,54,292.911641
1.0,54,292.921769
1.0,66,292.934114
1.0,62,292.945737
1.0,54,292.955849
1.0,56,292.966345
1.0,54,292.976593
1.0,50,292.985962
1.0,62,292.997607
1.0,54,293.007735
1.0,58,293.018706
1.0,62,293.030291
1.0,54,293.040428
1.0,60,293.051708
1.0,56,293.062193
1.0,52,293.071959
1.0,52,293.081691
1.0,52,293.09145
1.0,54,293.101556
1.0,54,293.111667
1.0,56,293.122133
1.0,68,293.134863
1.0,62,293.146472
1.0,60,293.157638
1.0,56,293.168128
1.0,56,293.178649
1.0,58,293.189606
1.0,52,293.199365
1.0,60,293.21063
1.0,64,293.222609
1.0,56,293.233073
1.0,54,293.243197
1.0,64,293.255183
1.0,58,293.266045
1.0,60,293.277268
1.0,74,293.294291
1.0,64,293.306505
1.0,52,293.316323
1.0,54,293.326477
1.0,56,293.336961
1.0,56,293.347516
1.0,56,293.358041
1.0,56,293.368561
1.0,58,293.379445
1.0,56,293.39009
1.0,58,293.400963
1.0,56,293.411499
1.0,58,293.422421
1.0,64,293.434427
1.0,61,293.445882
1.0,56,293.456378
1.0,58,293.467225
1.0,54,293.477325
1.0,56,293.487862
1.0,56,293.498313
1.0,54,293.508421
1.0,58,293.519253
1.0,56,293.529716
1.0,64,293.54165
1.0,56,293.552112
1.0,54,293.562251
1.0,58,293.573131
1.0,54,293.583257
1.0,54,293.593492
1.0,52,293.603269
1.0,60,293.614454
1.0,56,293.624914
1.0,54,293.635009
1.0,56,293.645491
1.0,58,293.656319
1.0,58,293.667169
1.0,58,293.677995
1.0,54,293.6881
1.0,54,293.698161
1.0,56,293.708631
1.0,62,293.720181
1.0,64,293.732103
1.0,54,293.7422
1.0,54,293.752313
1.0,52,293.762046
1.0,64,293.774073
1.0,66,293.78638
1.0,60,293.797723
1.0,70,293.810795
1.0,54,293.820899
1.0,58,293.831794
1.0,56,293.842268
1.0,58,293.8531
1.0,58,293.863955
1.0,58,293.874797
1.0,52,293.884526
1.0,56,293.895027
1.0,56,293.905497
1.0,64,293.917465
1.0,56,293.927981
1.0,60,293.939174
1.0,50,293.948535
1.0,60,293.959773
1.0,62,293.971371
1.0,58,293.982197
1.0,58,293.993076
1.0,56,294.003686
1.0,54,294.01381
1.0,56,294.024284
1.0,60,294.03549
1.0,54,294.045604
1.0,54,294.055711
1.0,62,294.067285
1.0,60,294.078516
1.0,54,294.088618
1.0,52,294.098368
1.0,52,294.108086
1.0,58,294.118899
1.0,58,294.129735
1.0,54,294.139811
1.0,54,294.149894
1.0,54,294.159973
1.0,54,294.170061
1.0,60,294.181244
1.0,50,294.190613
1.0,56,294.201195
1.0,54,294.211312
1.0,56,294.221752
1.0,60,294.232932
1.0,54,294.24302
1.0,54,294.253092
1.0,62,294.264673
1.0,54,294.274806
1.0,52,294.284539
1.0,60,294.295764
1.0,60,294.306956
1.0,54,294.317055
1.0,56,294.327531
1.0,60,294.338758
1.0,56,294.349254
1.0,56,294.359754
1.0,60,294.370944
1.0,64,294.382876
1.0,58,294.393713
1.0,58,294.4047
1.0,52,294.414459
1.0,56,294.424927
1.0,54,294.435058
1.0,58,294.445913
1.0,56,294.456383
1.0,60,294.467574
1.0,62,294.479146
1.0,56,294.489602
1.0,56,294.500062
1.0,56,294.510514
1.0,58,294.521297
1.0,54,294.531389
1.0,54,294.541477
1.0,76,294.555655
1.0,66,294.567974
1.0,58,294.578799
1.0,54,294.588901
1.0,58,294.599725
1.0,52,294.60959
1.0,64,294.621693
1.0,54,294.631861
1.0,56,294.642299
1.0,58,294.653147
1.0,54,294.663311
1.0,54,294.673391
1.0,54,294.683501
1.0,68,294.696401
1.0,56,294.706882
1.0,58,294.717693
1.0,52,294.727428
1.0,60,294.738647
1.0,56,294.749126
1.0,52,294.758844
1.0,58,294.769679
1.0,58,294.780518
1.0,54,294.790629
1.0,52,294.800367
1.0,58,294.811303
1.0,54,294.821443
1.0,56,294.831935
1.0,56,294.842408
1.0,50,294.851777
1.0,52,294.863463
1.0,58,294.874257
1.0,50,294.883622
1.0,56,294.894083
1.0,54,294.904387
1.0,58,294.915217
1.0,54,294.925303
1.0,52,294.935033
1.0,54,294.945126
1.0,54,294.955216
1.0,66,294.967553
1.0,60,294.97876
1.0,62,294.990315
1.0,56,295.000778
1.0,58,295.011635
1.0,50,295.021148
1.0,52,295.030876
1.0,62,295.042418
1.0,52,295.052164
1.0,58,295.063026
1.0,56,295.073469
1.0,58,295.084296
1.0,60,295.095524
1.0,64,295.107453
1.0,54,295.117556
1.0,66,295.129858
1.0,60,295.141057
1.0,60,295.152253
1.0,56,295.162733
1.0,52,295.172494
1.0,56,295.182955
1.0,60,295.19417
1.0,52,295.20391
1.0,56,295.21437
1.0,54,295.224608
1.0,56,295.235095
1.0,63,295.246881
1.0,54,295.257003
1.0,58,295.267832
1.0,54,295.277926
1.0,56,295.28839
1.0,58,295.299235
1.0,56,295.30971
1.0,58,295.320564
1.0,64,295.332532
1.0,56,295.343031
1.0,56,295.353477
1.0,52,295.363209
1.0,56,295.373667
1.0,62,295.385221
1.0,56,295.395694
1.0,60,295.406896
1.0,68,295.419629
1.0,54,295.429863
1.0,56,295.44032
1.0,56,295.450778
1.0,56,295.461219
1.0,62,295.472812
1.0,54,295.482895
1.0,58,295.493702
1.0,58,295.504536
1.0,50,295.513886
1.0,52,295.523595
1.0,54,295.533699
1.0,64,295.545672
1.0,52,295.555399
1.0,58,295.566238
1.0,58,295.577072
1.0,54,295.587182
1.0,60,295.598384
1.0,58,295.609217
1.0,62,295.620867
1.0,54,295.631133
1.0,84,295.646924
1.0,56,295.657372
1.0,52,295.667083
1.0,58,295.677917
1.0,56,295.688356
1.0,66,295.700645
1.0,66,295.713
1.0,56,295.723505
1.0,62,295.735082
1.0,72,295.748477
1.0,58,295.75931
1.0,60,295.770511
1.0,60,295.781764
1.0,58,295.7926
1.0,68,295.805288
1.0,54,295.815374
1.0,60,295.826555
1.0,58,295.83757
1.0,52,295.847282
1.0,56,295.857718
1.0,70,295.870774
1.0,58,295.881608
1.0,64,295.893554
1.0,66,295.905882
1.0,68,295.918558
1.0,66,295.930837
1.0,60,295.942014
1.0,56,295.952469
1.0,60,295.963704
1.0,52,295.973425
1.0,52,295.983144
1.0,54,295.993224
1.0,64,296.005148
1.0,62,296.0167
1.0,54,296.0268
1.0,56,296.037381
1.0,56,296.047843
1.0,62,296.059419
1.0,58,296.070259
1.0,54,296.080376
1.0,58,296.091219
1.0,56,296.101692
1.0,52,296.11144
1.0,56,296.121872
1.0,60,296.133091
1.0,58,296.143902
1.0,56,296.154396
1.0,54,296.164515
1.0,56,296.174989
1.0,50,296.184352
1.0,60,296.195556
1.0,56,296.206008
1.0,56,296.216478
1.0,54,296.226576
1.0,56,296.237042
1.0,56,296.247658
1.0,58,296.258503
1.0,56,296.268954
1.0,54,296.279053
1.0,52,296.288747
1.0,62,296.300339
1.0,54,296.310461
1.0,64,296.322385
1.0,54,296.332493
1.0,64,296.344414
1.0,52,296.354114
1.0,54,296.364225
1.0,50,296.373585
1.0,50,296.382946
1.0,58,296.393771
1.0,66,296.40609
1.0,52,296.415839
1.0,54,296.425947
1.0,60,296.437125
1.0,60,296.448465
1.0,62,296.460054
1.0,58,296.470856
1.0,58,296.481685
1.0,54,296.491735
1.0,54,296.501818
1.0,56,296.512291
1.0,56,296.522765
1.0,58,296.5336
1.0,56,296.544064
1.0,50,296.553419
1.0,56,296.563915
1.0,58,296.574768
1.0,58,296.585585
1.0,60,296.596794
1.0,52,296.606506
1.0,52,296.61623
1.0,56,296.626698
1.0,58,296.637551
1.0,58,296.648542
1.0,56,296.659054
1.0,66,296.671405
1.0,54,296.681489
1.0,56,296.691947
1.0,66,296.704208
1.0,64,296.716157
1.0,62,296.727726
1.0,52,296.737452
1.0,60,296.748628
1.0,58,296.759464
1.0,56,296.770015
1.0,52,296.779744
1.0,70,296.792801
1.0,60,296.803977
1.0,58,296.814748
1.0,64,296.826694
1.0,54,296.836779
1.0,66,296.849097
1.0,54,296.859352
1.0,60,296.870552
1.0,58,296.881379
1.0,58,296.892211
1.0,52,296.901935
1.0,58,296.912767
1.0,58,296.923604
1.0,60,296.934806
1.0,52,296.944528
1.0,56,296.955008
1.0,60,296.9662
1.0,56,296.97666
1.0,54,296.98676
1.0,54,296.996884
1.0,56,297.007359
1.0,54,297.01746
1.0,56,297.027941
1.0,64,297.039901
1.0,62,297.05148
1.0,58,297.062418
1.0,54,297.072526
1.0,56,297.082978
1.0,62,297.094562
1.0,60,297.10575
1.0,58,297.116572
1.0,52,297.126308
1.0,62,297.137882
1.0,54,297.14801
1.0,54,297.158137
1.0,56,297.168619
1.0,58,297.179472
1.0,54,297.189591
1.0,70,297.202681
1.0,62,297.214279
1.0,64,297.226256
1.0,54,297.236342
1.0,58,297.247227
1.0,58,297.258064
1.0,54,297.268315
1.0,54,297.27841
1.0,58,297.289254
1.0,50,297.298626
1.0,58,297.309477
1.0,50,297.31886
1.0,56,297.329356
1.0,52,297.33909
1.0,52,297.348896
1.0,60,297.360118
1.0,56,297.370585
1.0,52,297.380342
1.0,54,297.390411
1.0,64,297.402356
1.0,56,297.412905
1.0,58,297.423784
1.0,56,297.434241
1.0,64,297.446201
1.0,58,297.457237
1.0,56,297.468003
1.0,50,297.477482
1.0,52,297.487395
1.0,62,297.499092
1.0,64,297.511
1.0,56,297.521534
1.0,54,297.531627
1.0,64,297.543769
1.0,60,297.555166
1.0,62,297.566956
1.0,58,297.577985
1.0,58,297.588879
1.0,56,297.599463
1.0,58,297.610359
1.0,54,297.620538
1.0,58,297.631505
1.0,56,297.641967
1.0,60,297.653198
1.0,60,297.664445
1.0,54,297.6747
1.0,60,297.685936
1.0,64,297.697902
1.0,54,297.708039
1.0,54,297.718136
1.0,54,297.728251
1.0,52,297.73801
1.0,56,297.748532
1.0,54,297.75865
1.0,56,297.769113
1.0,50,297.778499
1.0,56,297.789011
1.0,60,297.800216
1.0,52,297.80993
1.0,60,297.821176
1.0,60,297.8324
1.0,54,297.842507
1.0,52,297.852256
1.0,52,297.862057
1.0,56,297.872709
1.0,60,297.883906
1.0,54,297.89409
1.0,58,297.90493
1.0,56,297.915436
1.0,56,297.925888
1.0,54,297.935949
1.0,56,297.946447
1.0,56,297.956954
1.0,62,297.968547
1.0,56,297.979079
1.0,52,297.988865
1.0,58,297.999735
1.0,54,298.009883
1.0,58,298.020809
1.0,62,298.032417
1.0,56,298.04292
1.0,58,298.053777
1.0,60,298.065027
1.0,64,298.077197
1.0,54,298.087358
1.0,52,298.097098
1.0,62,298.108687
1.0,60,298.1199
1.0,60,298.131136
1.0,56,298.141606
1.0,54,298.151714
1.0,56,298.162209
1.0,58,298.173068
1.0,54,298.183223
1.0,52,298.192997
1.0,58,298.203821
1.0,62,298.215389
1.0,58,298.226221
1.0,62,298.237813
1.0,52,298.247557
1.0,60,298.25878
1.0,56,298.269287
1.0,56,298.279949
1.0,56,298.290455
1.0,58,298.301303
1.0,58,298.312174
1.0,50,298.321553
1.0,56,298.332072
1.0,52,298.341801
1.0,50,298.351168
1.0,62,298.362734
1.0,56,298.373214
1.0,54,298.383335
1.0,50,298.392701
1.0,58,298.403542
1.0,54,298.413669
1.0,50,298.423023
1.0,64,298.434959
1.0,60,298.446197
1.0,52,298.455946
1.0,54,298.466047
1.0,58,298.476899
1.0,56,298.487503
1.0,52,298.497218
1.0,66,298.509539
1.0,60,298.52078
1.0,64,298.532755
1.0,56,298.54324
1.0,50,298.552603
1.0,58,298.563453
1.0,54,298.57355
1.0,60,298.584767
1.0,54,298.594896
1.0,52,298.604596
1.0,56,298.615067
1.0,56,298.625517
1.0,72,298.638927
1.0,58,298.649845
1.0,60,298.661036
1.0,54,298.671151
1.0,58,298.681983
1.0,56,298.692667
1.0,58,298.703525
1.0,58,298.714367
1.0,52,298.724114
1.0,58,298.734961
1.0,64,298.746891
1.0,54,298.756979
1.0,54,298.767089
1.0,68,298.779809
1.0,60,298.791016
1.0,58,298.80186
1.0,56,298.812314
1.0,66,298.824651
1.0,56,298.835112
1.0,66,298.847403
1.0,54,298.857469
1.0,54,298.867625
1.0,56,298.878065
1.0,56,298.888595
1.0,64,298.900706
1.0,54,298.91081
1.0,58,298.921641
1.0,54,298.931748
1.0,58,298.94262
1.0,52,298.95237
1.0,64,298.964336
1.0,56,298.974823
1.0,58,298.985632
1.0,52,298.99536
1.0,60,299.006543
1.0,62,299.018121
1.0,60,299.029313
1.0,64,299.041237
1.0,58,299.052081
1.0,54,299.062173
1.0,54,299.07228
1.0,58,299.083095
1.0,64,299.09512
1.0,56,299.105626
1.0,58,299.116452
1.0,62,299.128037
1.0,58,299.138918
1.0,50,299.148279
1.0,54,299.158386
1.0,60,299.169604
1.0,66,299.181882
1.0,50,299.191224
1.0,56,299.201654
1.0,62,299.213198
1.0,52,299.222917
1.0,66,299.235233
1.0,54,299.245359
1.0,56,299.255822
1.0,50,299.265175
1.0,56,299.275635
1.0,50,299.28501
1.0,64,299.296995
1.0,54,299.307223
1.0,56,299.317663
1.0,54,299.327735
1.0,68,299.34044
1.0,60,299.351644
1.0,54,299.361706
1.0,56,299.372163
1.0,60,299.383363
1.0,60,299.394595
1.0,62,299.40618
1.0,52,299.415908
1.0,56,299.426383
1.0,56,299.436863
1.0,60,299.448075
1.0,54,299.458185
1.0,52,299.467928
1.0,54,299.478064
1.0,54,299.488156
1.0,56,299.498636
1.0,60,299.509983
1.0,60,299.521217
1.0,58,299.532104
1.0,58,299.542939
1.0,62,299.554519
1.0,50,299.563896
1.0,60,299.575149
1.0,64,299.587097
1.0,58,299.597919
1.0,62,299.609507
1.0,54,299.6196
1.0,58,299.630433
1.0,60,299.641625
1.0,56,299.6521
1.0,58,299.662929
1.0,54,299.673017
1.0,56,299.683515
1.0,58,299.694341
1.0,62,299.705935
1.0,58,299.716923
1.0,56,299.727382
1.0,64,299.739331
1.0,60,299.750522
1.0,54,299.760639
1.0,56,299.771204
1.0,56,299.781753
1.0,70,299.794797
1.0,56,299.805291
1.0,68,299.818071
1.0,54,299.828175
1.0,54,299.83826
1.0,60,299.849474
1.0,54,299.859601
1.0,56,299.870044
1.0,54,299.880146
1.0,54,299.890239
1.0,54,299.900355
1.0,62,299.912058
1.0,64,299.924062
1.0,54,299.934153
1.0,62,299.94572
1.0,54,299.955826
1.0,60,299.967029
1.0,62,299.978635
1.0,54,299.988737
1.0,60,299.99996
1.0,54,300.010105
1.0,52,300.019837
1.0,56,300.030331
1.0,58,300.041181
1.0,58,300.052026
1.0,52,300.061762
1.0,56,300.072236
1.0,56,300.082733
1.0,58,300.093659
1.0,60,300.104851
1.0,64,300.116981
1.0,70,300.130115
1.0,60,300.141375
1.0,58,300.152308
1.0,60,300.163526
1.0,56,300.174013
1.0,64,300.185985
1.0,66,300.198305
1.0,52,300.208053
1.0,60,300.219277
1.0,56,300.229749
1.0,58,300.240607
1.0,58,300.251463
1.0,50,300.26083
1.0,62,300.272397
1.0,56,300.282884
1.0,60,300.294084
1.0,58,300.304939
1.0,60,300.316166
1.0,58,300.327135
1.0,52,300.336883
1.0,68,300.349572
1.0,62,300.361206
1.0,58,300.372143
1.0,54,300.382238
1.0,54,300.392362
1.0,58,300.403193
1.0,56,300.413692
1.0,58,300.424495
1.0,60,300.435725
1.0,58,300.446598
1.0,54,300.456673
1.0,54,300.466787
1.0,56,300.477262
1.0,56,300.487725
1.0,54,300.497852
1.0,58,300.508662
1.0,54,300.518876
1.0,54,300.529121
1.0,54,300.539234
1.0,54,300.549335
1.0,54,300.559444
1.0,58,300.570281
1.0,56,300.580766
1.0,52,300.590503
1.0,62,300.602051
1.0,60,300.613266
1.0,58,300.624129
1.0,58,300.635007
1.0,56,300.645498
1.0,62,300.657091
1.0,62,300.668682
1.0,54,300.678784
1.0,52,300.688522
1.0,58,300.699362
1.0,54,300.709557
1.0,58,300.720413
1.0,56,300.731029
1.0,50,300.740392
1.0,54,300.750504
1.0,52,300.760215
1.0,62,300.771785
1.0,62,300.783377
1.0,56,300.793875
1.0,56,300.804363
1.0,58,300.815227
1.0,58,300.826081
1.0,54,300.836186
1.0,52,300.845926
1.0,50,300.855292
1.0,54,300.865392
1.0,60,300.876609
1.0,60,300.887856
1.0,62,300.899431
1.0,68,300.912149
1.0,58,300.922979
1.0,54,300.933207
1.0,54,300.943318
1.0,54,300.953426
1.0,58,300.964286
1.0,54,300.974374
1.0,54,300.984488
1.0,62,300.996086
1.0,52,301.005819
1.0,58,301.016691
1.0,56,301.027161
1.0,50,301.036539
1.0,56,301.047004
1.0,60,301.058233
1.0,56,301.06869
1.0,54,301.078785
1.0,52,301.088534
1.0,60,301.09976
1.0,54,301.109811
1.0,64,301.121762
1.0,52,301.131476
1.0,50,301.140965
1.0,58,301.151802
1.0,54,301.161886
1.0,56,301.172348
1.0,58,301.183194
1.0,60,301.194404
1.0,54,301.2045
1.0,66,301.216832
1.0,58,301.227713
1.0,56,301.238192
1.0,50,301.247546
1.0,64,301.259503
1.0,54,301.26959
1.0,58,301.280463
1.0,60,301.29168
1.0,54,301.30178
1.0,56,301.312262
1.0,58,301.323085
1.0,60,301.334285
1.0,56,301.34488
1.0,58,301.355719
1.0,58,301.366558
1.0,58,301.377415
1.0,64,301.389415
1.0,62,301.401022
1.0,56,301.411531
1.0,60,301.422751
1.0,60,301.433966
1.0,52,301.443694
1.0,58,301.454557
1.0,60,301.465772
1.0,56,301.476247
1.0,58,301.487085
1.0,52,301.496822
1.0,54,301.506926
1.0,58,301.51777
1.0,60,301.528998
1.0,52,301.538753
1.0,64,301.550829
1.0,54,301.560948
1.0,58,301.571787
1.0,62,301.583327
1.0,58,301.594147
1.0,56,301.604652
1.0,52,301.614376
1.0,52,301.624096
1.0,54,301.634203
1.0,56,301.644667
1.0,56,301.655128
1.0,54,301.665209
1.0,58,301.676043
1.0,56,301.68651
1.0,58,301.69734
1.0,60,301.708534
1.0,58,301.71936
1.0,56,301.729794
1.0,56,301.740286
1.0,54,301.750494
1.0,60,301.761668
1.0,58,301.772474
1.0,60,301.783671
1.0,60,301.794876
1.0,54,301.804983
1.0,56,301.815443
1.0,64,301.827428
1.0,58,301.83824
1.0,56,301.848752
1.0,54,301.858876
1.0,54,301.868975
1.0,56,301.879459
1.0,56,301.889891
1.0,50,301.899265
1.0,58,301.910088
1.0,54,301.920195
1.0,58,301.931031
1.0,64,301.942965
1.0,56,301.953575
1.0,62,301.965171
1.0,60,301.976377
1.0,50,301.985759
1.0,62,301.997324
1.0,58,302.008174
1.0,52,302.017862
1.0,58,302.028696
1.0,62,302.040241
1.0,56,302.050694
1.0,56,302.061143
1.0,56,302.071611
1.0,52,302.081351
1.0,54,302.091445
1.0,58,302.102288
1.0,54,302.112384
1.0,58,302.123213
1.0,50,302.132602
1.0,64,302.144541
1.0,58,302.155479
1.0,78,302.170035
1.0,54,302.180146
1.0,58,302.19097
1.0,58,302.201811
1.0,56,302.21228
1.0,56,302.222749
1.0,52,302.232456
1.0,56,302.242922
1.0,50,302.252267
1.0,58,302.263119
1.0,58,302.27392
1.0,56,302.284368
1.0,56,302.294849
1.0,64,302.30679
1.0,70,302.319877
1.0,64,302.331823
1.0,54,302.341892
1.0,56,302.352371
1.0,54,302.362591
1.0,62,302.374159
1.0,72,302.38774
1.0,58,302.398584
1.0,58,302.409413
1.0,68,302.42218
1.0,62,302.433778
1.0,54,302.443928
1.0,54,302.454102
1.0,54,302.46428
1.0,52,302.474095
1.0,60,302.485312
1.0,58,302.496191
1.0,60,302.507476
1.0,56,302.517971
1.0,54,302.528091
1.0,54,302.538201
1.0,64,302.550181
1.0,58,302.56103
1.0,58,302.572025
1.0,66,302.584387
1.0,60,302.595609
1.0,56,302.60607
1.0,52,302.615816
1.0,52,302.625534
1.0,58,302.636397
1.0,60,302.647613
1.0,60,302.658903
1.0,58,302.669866
1.0,58,302.680707
1.0,62,302.692333
1.0,56,302.702819
1.0,58,302.713695
1.0,64,302.725686
1.0,58,302.736533
1.0,52,302.746273
1.0,58,302.75712
1.0,58,302.768095
1.0,52,302.777812
1.0,60,302.789016
1.0,60,302.800213
1.0,50,302.809587
1.0,56,302.820095
1.0,52,302.829865
1.0,58,302.840762
1.0,58,302.851593
1.0,54,302.861713
1.0,54,302.87182
1.0,60,302.883041
1.0,56,302.893538
1.0,54,302.903643
1.0,60,302.914829
1.0,52,302.92457
1.0,56,302.935026
1.0,56,302.945524
1.0,62,302.95711
1.0,58,302.967927
1.0,60,302.979286
1.0,56,302.989764
1.0,64,303.001674
1.0,56,303.012147
1.0,58,303.022978
1.0,54,303.033062
1.0,62,303.044674
1.0,54,303.054836
1.0,66,303.067255
1.0,58,303.078163
1.0,76,303.092398
1.0,52,303.102151
1.0,64,303.114096
1.0,54,303.124286
1.0,60,303.135494
1.0,58,303.146312
1.0,54,303.156362
1.0,58,303.167228
1.0,60,303.178562
1.0,58,303.189395
1.0,52,303.199152
1.0,54,303.209273
1.0,60,303.220499
1.0,56,303.230958
1.0,50,303.240315
1.0,62,303.251908
1.0,52,303.261636
1.0,56,303.272168
1.0,58,303.283055
1.0,62,303.294671
1.0,64,303.306628
1.0,60,303.317844
1.0,58,303.328701
1.0,54,303.338807
1.0,60,303.349995
1.0,58,303.360832
1.0,52,303.370573
1.0,60,303.381889
1.0,64,303.393814
1.0,60,303.405022
1.0,54,303.41512
1.0,52,303.424862
1.0,62,303.436454
1.0,60,303.447707
1.0,68,303.460365
1.0,52,303.470123
1.0,52,303.479848
1.0,70,303.492908
1.0,54,303.503026
1.0,56,303.513469
1.0,58,303.524298
1.0,66,303.536577
1.0,52,303.546269
1.0,54,303.556363
1.0,56,303.566853
1.0,60,303.578006
1.0,62,303.589732
1.0,54,303.599825
1.0,64,303.611765
1.0,60,303.62296
1.0,58,303.63375
1.0,56,303.644199
1.0,58,303.655008
1.0,54,303.665086
1.0,54,303.675188
1.0,60,303.686375
1.0,58,303.6972
1.0,50,303.706533
1.0,60,303.717746
1.0,56,303.728217
1.0,56,303.738672
1.0,54,303.74876
1.0,60,303.759962
1.0,60,303.771201
1.0,54,303.781273
1.0,56,303.791842
1.0,58,303.802648
1.0,60,303.81386
1.0,54,303.823955
1.0,58,303.834781
1.0,54,303.844844
1.0,56,303.85527
1.0,56,303.865706
1.0,54,303.875788
1.0,66,303.888084
1.0,54,303.898203
1.0,60,303.909406
1.0,56,303.919863
1.0,54,303.929944
1.0,56,303.940414
1.0,58,303.951233
1.0,54,303.961303
1.0,58,303.972143
1.0,54,303.982239
1.0,58,303.993219
1.0,62,304.004806
1.0,56,304.01526
1.0,54,304.025306
1.0,68,304.037951
1.0,52,304.047678
1.0,50,304.057009
1.0,56,304.067467
1.0,56,304.077895
1.0,58,304.088728
1.0,54,304.098802
1.0,60,304.109995
1.0,56,304.120463
1.0,64,304.132404
1.0,56,304.142868
1.0,54,304.152948
1.0,68,304.165665
1.0,58,304.176534
1.0,58,304.187377
1.0,54,304.197623
1.0,54,304.207726
1.0,64,304.219692
1.0,52,304.229424
1.0,56,304.239958
1.0,60,304.251177
1.0,54,304.261405
1.0,60,304.272644
1.0,60,304.283875
1.0,60,304.295187
1.0,56,304.305668
1.0,58,304.316527
1.0,56,304.32699
1.0,52,304.336733
1.0,58,304.347599
1.0,62,304.359183
1.0,66,304.371535
1.0,60,304.38273
1.0,58,304.393581
1.0,52,304.403432
1.0,60,304.414638
1.0,54,304.42474
1.0,58,304.435567
1.0,62,304.44717
1.0,54,304.457288
1.0,58,304.468152
1.0,56,304.478658
1.0,52,304.488412
1.0,54,304.498532
1.0,64,304.510472
1.0,54,304.520548
1.0,56,304.531036
1.0,60,304.542278
1.0,52,304.552017
1.0,58,304.562865
1.0,66,304.575224
1.0,56,304.585731
1.0,58,304.596574
1.0,58,304.607544
1.0,64,304.619504
1.0,54,304.629616
1.0,52,304.639346
1.0,56,304.649829
1.0,54,304.659952
1.0,52,304.669672
1.0,60,304.680871
1.0,56,304.691376
1.0,58,304.702216
1.0,58,304.713029
1.0,54,304.723147
1.0,58,304.73397
1.0,50,304.743321
1.0,64,304.755266
1.0,60,304.76646
1.0,66,304.778811
1.0,54,304.788892
1.0,56,304.79937
1.0,58,304.810364
1.0,58,304.821192
1.0,60,304.832392
1.0,56,304.842877
1.0,70,304.855924
1.0,58,304.866835
1.0,56,304.877306
1.0,50,304.886674
1.0,62,304.89823
1.0,60,304.909438
1.0,62,304.921028
1.0,54,304.931191
1.0,52,304.940941
1.0,60,304.952175
1.0,66,304.964506
1.0,60,304.975736
1.0,62,304.987322
1.0,52,304.997049
1.0,64,305.008992
1.0,60,305.020369
1.0,58,305.031226
1.0,54,305.041309
1.0,50,305.05068
1.0,54,305.060781
1.0,56,305.071248
1.0,56,305.081794
1.0,64,305.093738
1.0,58,305.104878
1.0,50,305.114232
1.0,58,305.125097
1.0,72,305.138528
1.0,64,305.150459
1.0,56,305.160912
1.0,58,305.171753
1.0,54,305.181828
1.0,54,305.191899
1.0,54,305.201983
1.0,60,305.213154
1.0,52,305.222977
1.0,54,305.233059
1.0,56,305.243509
1.0,58,305.254321
1.0,58,305.265158
1.0,52,305.274891
1.0,52,305.28463
1.0,58,305.295501
1.0,58,305.306359
1.0,62,305.317983
1.0,64,305.329949
1.0,60,305.341166
1.0,60,305.352372
1.0,54,305.362493
1.0,60,305.373737
1.0,56,305.384222
1.0,56,305.394675
1.0,54,305.404748
1.0,62,305.416328
1.0,56,305.426937
1.0,54,305.437015
1.0,58,305.447857
1.0,60,305.459054
1.0,50,305.468406
1.0,54,305.478472
1.0,58,305.489264
1.0,54,305.499337
1.0,50,305.508669
1.0,60,305.519866
1.0,66,305.53214
1.0,58,305.542971
1.0,58,305.553832
1.0,54,305.563948
1.0,58,305.574797
1.0,62,305.586374
1.0,56,305.596815
1.0,66,305.609112
1.0,58,305.619992
1.0,64,305.63207
1.0,62,305.643703
1.0,54,305.6538
1.0,62,305.665413
1.0,56,305.675945
1.0,54,305.686023
1.0,64,305.697954
1.0,56,305.708416
1.0,52,305.718144
1.0,52,305.727878
1.0,54,305.737987
1.0,62,305.749563
1.0,66,305.761898
1.0,56,305.772365
1.0,58,305.783167
1.0,56,305.793612
1.0,64,305.805587
1.0,62,305.817159
1.0,54,305.827326
1.0,54,305.83749
1.0,64,305.849423
1.0,56,305.85988
1.0,58,305.870684
1.0,62,305.882221
1.0,60,305.893377
1.0,52,305.903076
1.0,66,305.915354
1.0,62,305.926905
1.0,54,305.936973
1.0,52,305.946692
1.0,54,305.956795
1.0,59,305.967802
1.0,60,305.979017
1.0,64,305.990966
1.0,58,306.001831
1.0,56,306.012286
1.0,60,306.023544
1.0,50,306.033046
1.0,56,306.043518
1.0,62,306.055086
1.0,54,306.065194
1.0,50,306.074535
1.0,58,306.085357
1.0,60,306.096571
1.0,68,306.109231
1.0,56,306.119733
1.0,54,306.129963
1.0,56,306.140411
1.0,60,306.151641
1.0,58,306.16248
1.0,56,306.172913
1.0,62,306.18444
1.0,58,306.195279
1.0,58,306.20613
1.0,56,306.216585
1.0,62,306.228153
1.0,54,306.238392
1.0,56,306.24892
1.0,58,306.25979
1.0,56,306.270631
1.0,68,306.283256
1.0,64,306.295237
1.0,56,306.305677
1.0,52,306.31539
1.0,56,306.325823
1.0,50,306.335166
1.0,58,306.345997
1.0,54,306.356089
1.0,56,306.366515
1.0,54,306.376594
1.0,56,306.387059
1.0,52,306.396773
1.0,58,306.407626
1.0,70,306.420673
1.0,58,306.431512
1.0,57,306.442289
1.0,50,306.451641
1.0,56,306.462098
1.0,54,306.472197
1.0,60,306.483396
1.0,54,306.493472
1.0,62,306.505005
1.0,56,306.515448
1.0,62,306.527037
1.0,56,306.537518
1.0,58,306.548343
1.0,64,306.560286
1.0,58,306.571117
1.0,62,306.582683
1.0,62,306.594203
1.0,56,306.60466
1.0,54,306.614738
1.0,58,306.625544
1.0,58,306.636367
1.0,58,306.647356
1.0,58,306.658199
1.0,54,306.668299
1.0,50,306.677654
1.0,54,306.687742
1.0,52,306.697474
1.0,50,306.706805
1.0,62,306.718384
1.0,60,306.729619
1.0,56,306.740067
1.0,62,306.751637
1.0,56,306.762101
1.0,56,306.77256
1.0,58,306.783384
1.0,54,306.793482
1.0,60,306.804689
1.0,54,306.814759
1.0,54,306.824831
1.0,56,306.835296
1.0,64,306.847282
1.0,60,306.858521
1.0,60,306.869731
1.0,68,306.882401
1.0,54,306.892493
1.0,56,306.902931
1.0,56,306.913388
1.0,52,306.923131
1.0,60,306.934325
1.0,52,306.944062
1.0,58,306.954914
1.0,66,306.967201
1.0,64,306.979101
1.0,58,306.989903
1.0,60,307.001117
1.0,56,307.011602
1.0,52,307.021303
1.0,50,307.030668
1.0,52,307.040385
1.0,70,307.053613
1.0,58,307.064482
1.0,64,307.076436
1.0,50,307.085786
1.0,56,307.096264
1.0,54,307.106367
1.0,54,307.116466
1.0,58,307.127313
1.0,56,307.137766
1.0,54,307.147876
1.0,56,307.158337
1.0,62,307.169917
1.0,60,307.181106
1.0,58,307.191925
1.0,56,307.202368
1.0,52,307.2121
1.0,52,307.221804
1.0,58,307.232626
1.0,52,307.242337
1.0,59,307.253347
1.0,52,307.263217
1.0,52,307.273005
1.0,52,307.282743
1.0,58,307.293542
1.0,60,307.304735
1.0,58,307.315562
1.0,58,307.326365
1.0,54,307.336475
1.0,50,307.345816
1.0,58,307.356628
1.0,62,307.368203
1.0,54,307.378289
1.0,60,307.389514
1.0,56,307.399972
1.0,54,307.410169
1.0,58,307.421038
1.0,60,307.432269
1.0,50,307.44165
1.0,70,307.454741
1.0,52,307.464611
1.0,60,307.475788
1.0,58,307.486612
1.0,54,307.496691
1.0,52,307.506426
1.0,54,307.516518
1.0,62,307.528097
1.0,52,307.537829
1.0,60,307.549056
1.0,58,307.559883
1.0,56,307.570331
1.0,56,307.580771
1.0,58,307.591597
1.0,64,307.603511
1.0,70,307.616547
1.0,52,307.626251
1.0,64,307.638195
1.0,56,307.648634
1.0,56,307.659121
1.0,54,307.669304
1.0,58,307.680116
1.0,52,307.689819
1.0,58,307.700654
1.0,54,307.710721
1.0,52,307.720419
1.0,54,307.730496
1.0,52,307.740193
1.0,60,307.751379
1.0,62,307.762932
1.0,52,307.772628
1.0,58,307.783485
1.0,60,307.794681
1.0,60,307.805854
1.0,60,307.81706
1.0,50,307.826402
1.0,62,307.837988
1.0,54,307.848089
1.0,58,307.858929
1.0,52,307.868773
1.0,56,307.879244
1.0,58,307.890062
1.0,68,307.902714
1.0,60,307.913894
1.0,66,307.926175
1.0,54,307.936263
1.0,62,307.947846
1.0,58,307.958664
1.0,54,307.968735
1.0,64,307.980679
1.0,62,307.992237
1.0,60,308.003545
1.0,52,308.013261
1.0,52,308.022977
1.0,58,308.033784
1.0,62,308.045352
1.0,60,308.056553
1.0,60,308.067747
1.0,54,308.07799
1.0,60,308.089225
1.0,64,308.101218
1.0,60,308.112427
1.0,58,308.123251
1.0,54,308.133362
1.0,56,308.143802
1.0,54,308.153884
1.0,58,308.164706
1.0,64,308.17665
1.0,58,308.187522
1.0,54,308.197628
1.0,52,308.207336
1.0,50,308.216698
1.0,56,308.227143
1.0,58,308.237958
1.0,52,308.247674
1.0,62,308.259255
1.0,60,308.270445
1.0,58,308.28141
1.0,60,308.292625
1.0,60,308.303832
1.0,58,308.314656
1.0,54,308.324798
1.0,52,308.334523
1.0,50,308.343903
1.0,56,308.354346
1.0,60,308.365573
1.0,54,308.375659
1.0,60,308.386904
1.0,62,308.39848
1.0,60,308.409713
1.0,58,308.420593
1.0,58,308.431459
1.0,60,308.442704
1.0,56,308.453192
1.0,60,308.46443
1.0,50,308.473806
1.0,52,308.483687
1.0,56,308.494196
1.0,66,308.506565
1.0,54,308.516713
1.0,56,308.527214
1.0,54,308.537322
1.0,54,308.547438
1.0,68,308.560162
1.0,66,308.572489
1.0,62,308.584094
1.0,50,308.593502
1.0,56,308.604012
1.0,60,308.615247
1.0,56,308.62577
1.0,52,308.635527
1.0,60,308.646766
1.0,54,308.656873
1.0,52,308.666624
1.0,62,308.67826
1.0,58,308.689294
1.0,60,308.70058
1.0,56,308.711105
1.0,66,308.723477
1.0,50,308.732912
1.0,58,308.743803
1.0,56,308.754305
1.0,64,308.766325
1.0,60,308.777639
1.0,56,308.788231
1.0,52,308.798012
1.0,60,308.809318
1.0,52,308.81909
1.0,50,308.828497
1.0,58,308.839405
1.0,62,308.851025
1.0,60,308.862264
1.0,60,308.87349
1.0,56,308.883993
1.0,54,308.894265
1.0,52,308.903992
1.0,56,308.914495
1.0,56,308.925005
1.0,58,308.935862
1.0,56,308.946309
1.0,58,308.95715
1.0,72,308.97062
1.0,56,308.981082
1.0,50,308.990454
1.0,56,309.000944
1.0,60,309.012155
1.0,52,309.021925
1.0,62,309.033493
1.0,56,309.043969
1.0,54,309.054068
1.0,56,309.064521
1.0,52,309.074236
1.0,54,309.08435
1.0,58,309.095322
1.0,54,309.105424
1.0,58,309.11627
1.0,68,309.128938
1.0,56,309.13939
1.0,50,309.148741
1.0,52,309.158494
1.0,54,309.168574
1.0,54,309.178662
1.0,58,309.189469
1.0,54,309.199586
1.0,62,309.211216
1.0,60,309.222454
1.0,58,309.233312
1.0,62,309.244905
1.0,58,309.25577
1.0,58,309.26663
1.0,56,309.277121
1.0,64,309.289074
1.0,56,309.29969
1.0,50,309.309038
1.0,54,309.319141
1.0,54,309.329226
1.0,56,309.339664
1.0,60,309.350909
1.0,54,309.361017
1.0,60,309.372234
1.0,54,309.382385
1.0,62,309.393992
1.0,56,309.404494
1.0,64,309.416459
1.0,56,309.42695
1.0,54,309.43708
1.0,62,309.448659
1.0,52,309.458379
1.0,64,309.470325
1.0,54,309.480433
1.0,58,309.491261
1.0,58,309.502241
1.0,52,309.51196
1.0,58,309.522768
1.0,60,309.533996
1.0,50,309.54336
1.0,58,309.554205
1.0,52,309.563946
1.0,52,309.573655
1.0,54,309.583741
1.0,64,309.595666
1.0,58,309.606506
1.0,60,309.617697
1.0,52,309.627433
1.0,60,309.638617
1.0,56,309.649099
1.0,62,309.660706
1.0,60,309.671965
1.0,56,309.682435
1.0,56,309.692894
1.0,68,309.705744
1.0,58,309.716615
1.0,56,309.727171
1.0,61,309.738576
1.0,54,309.748649
1.0,58,309.759501
1.0,60,309.77072
1.0,56,309.7812
1.0,62,309.792767
1.0,66,309.80506
1.0,60,309.816257
1.0,64,309.828133
1.0,52,309.837846
1.0,52,309.847536
1.0,62,309.859092
1.0,54,309.869287
1.0,56,309.879751
1.0,58,309.890562
1.0,58,309.901407
1.0,56,309.911969
1.0,60,309.923158
1.0,62,309.934737
1.0,62,309.946259
1.0,60,309.957454
1.0,68,309.970119
1.0,52,309.9798
1.0,54,309.989844
1.0,54,309.999907
1.0,58,310.010755
1.0,54,310.020845
1.0,58,310.031698
1.0,52,310.041451
1.0,54,310.051585
1.0,56,310.06208
1.0,56,310.072533
1.0,62,310.084144
1.0,64,310.096042
1.0,62,310.107605
1.0,56,310.118178
1.0,56,310.128641
1.0,56,310.139084
1.0,62,310.150653
1.0,56,310.161102
1.0,64,310.173017
1.0,54,310.183073
1.0,50,310.192396
1.0,58,310.203207
1.0,56,310.213664
1.0,50,310.223735
1.0,56,310.234196
1.0,58,310.245039
1.0,54,310.255134
1.0,66,310.267439
1.0,56,310.277882
1.0,58,310.288699
1.0,54,310.298783
1.0,56,310.309229
1.0,52,310.319098
1.0,54,310.32918
1.0,52,310.338891
1.0,56,310.349331
1.0,62,310.360885
1.0,64,310.372844
1.0,60,310.384077
1.0,58,310.394904
1.0,54,310.405012
1.0,54,310.41511
1.0,54,310.425198
1.0,66,310.43748
1.0,60,310.448665
1.0,58,310.459487
1.0,62,310.471027
1.0,54,310.481103
1.0,62,310.492676
1.0,52,310.502398
1.0,58,310.51321
1.0,58,310.524173
1.0,58,310.535011
1.0,56,310.545462
1.0,52,310.555177
1.0,62,310.566745
1.0,56,310.577208
1.0,58,310.58806
1.0,54,310.598156
1.0,62,310.609742
1.0,54,310.619812
1.0,52,310.629512
1.0,54,310.639587
1.0,50,310.64893
1.0,58,310.659758
1.0,56,310.670163
1.0,54,310.680225
1.0,50,310.68956
1.0,54,310.699656
1.0,54,310.70973
1.0,54,310.719815
1.0,58,310.730761
1.0,68,310.743426
1.0,68,310.756083
1.0,52,310.765826
1.0,54,310.7759
1.0,58,310.786725
1.0,58,310.79752
1.0,54,310.807623
1.0,52,310.817331
1.0,62,310.828905
1.0,54,310.839014
1.0,54,310.849115
1.0,62,310.860691
1.0,56,310.871167
1.0,54,310.881285
1.0,52,310.891013
1.0,52,310.900724
1.0,52,310.910434
1.0,62,310.921975
1.0,60,310.933288
1.0,50,310.942606
1.0,56,310.953073
1.0,56,310.963564
1.0,62,310.975134
1.0,56,310.985644
1.0,58,310.996809
1.0,58,311.007612
1.0,50,311.016944
1.0,58,311.027757
1.0,54,311.037835
1.0,58,311.048625
1.0,58,311.059436
1.0,58,311.070212
1.0,60,311.081397
1.0,54,311.091484
1.0,56,311.101915
1.0,54,311.111973
1.0,54,311.122056
1.0,58,311.132998
1.0,54,311.143076
1.0,52,311.152756
1.0,56,311.16319
1.0,66,311.1755
1.0,62,311.187048
1.0,60,311.198228
1.0,52,311.207959
1.0,64,311.219896
1.0,56,311.230342
1.0,50,311.239702
1.0,58,311.250494
1.0,54,311.26058
1.0,54,311.270674
1.0,60,311.281849
1.0,54,311.291936
1.0,60,311.303137
1.0,58,311.313937
1.0,58,311.324762
1.0,52,311.334489
1.0,50,311.343964
1.0,56,311.354387
1.0,52,311.364107
1.0,62,311.375682
1.0,58,311.386472
1.0,64,311.398399
1.0,56,311.408867
1.0,58,311.419701
1.0,54,311.429778
1.0,54,311.439875
1.0,50,311.449212
1.0,52,311.458924
1.0,58,311.469718
1.0,54,311.479789
1.0,52,311.489495
1.0,56,311.499937
1.0,56,311.510396
1.0,62,311.52194
1.0,68,311.534606
1.0,56,311.545232
1.0,54,311.555311
1.0,62,311.566908
1.0,60,311.578119
1.0,58,311.588953
1.0,58,311.599771
1.0,66,311.612144
1.0,54,311.622286
1.0,56,311.632805
1.0,54,311.642975
1.0,58,311.653923
1.0,60,311.665216
1.0,60,311.676498
1.0,58,311.687396
1.0,60,311.698668
1.0,56,311.70916
1.0,54,311.719298
1.0,58,311.730192
1.0,56,311.740813
1.0,60,311.752229
1.0,58,311.763136
1.0,52,311.772941
1.0,54,311.783094
1.0,54,311.79323
1.0,60,311.804453
1.0,68,311.817187
1.0,58,311.82802
1.0,54,311.838109
1.0,56,311.848601
1.0,52,311.858332
1.0,60,311.869506
1.0,64,311.88142
1.0,60,311.892648
1.0,64,311.904533
1.0,54,311.914692
1.0,50,311.924
1.0,66,311.936314
1.0,60,311.947654
1.0,56,311.958147
1.0,50,311.967502
1.0,54,311.977593
1.0,54,311.987704
1.0,54,311.997778
1.0,58,312.008628
1.0,62,312.020302
1.0,56,312.030789
1.0,60,312.042005
1.0,62,312.053584
1.0,60,312.064809
1.0,60,312.07603
1.0,54,312.086144
1.0,56,312.096623
1.0,62,312.108148
1.0,66,312.120444
1.0,61,312.131862
1.0,58,312.142671
1.0,60,312.153975
1.0,54,312.164077
1.0,50,312.173417
1.0,58,312.18425
1.0,52,312.194012
1.0,54,312.204164
1.0,54,312.214197
1.0,64,312.22607
1.0,50,312.235401
1.0,54,312.245501
1.0,56,312.255927
1.0,56,312.26632
1.0,54,312.2764
1.0,60,312.28764
1.0,54,312.29771
1.0,56,312.308145
1.0,66,312.320381
1.0,50,312.329705
1.0,58,312.340536
1.0,54,312.350591
1.0,54,312.360819
1.0,52,312.370556
1.0,54,312.380665
1.0,58,312.3915
1.0,58,312.402348
1.0,54,312.412441
1.0,54,312.422551
1.0,58,312.433379
1.0,56,312.443834
1.0,58,312.45465
1.0,56,312.465102
1.0,64,312.477074
1.0,56,312.487537
1.0,58,312.498381
1.0,52,312.508094
1.0,58,312.518909
1.0,52,312.528594
1.0,50,312.537945
1.0,56,312.548408
1.0,58,312.559332
1.0,58,312.5702
1.0,50,312.579551
1.0,56,312.589983
1.0,60,312.601167
1.0,52,312.610881
1.0,52,312.62058
1.0,56,312.631026
1.0,52,312.640752
1.0,58,312.651558
1.0,54,312.661634
1.0,52,312.67137
1.0,60,312.682628
1.0,56,312.693134
1.0,58,312.703952
1.0,58,312.714748
1.0,54,312.724812
1.0,58,312.735653
1.0,62,312.747268
1.0,60,312.758499
1.0,54,312.768725
1.0,54,312.778784
1.0,54,312.788855
1.0,52,312.798577
1.0,58,312.809467
1.0,54,312.819529
1.0,54,312.829626
1.0,56,312.840074
1.0,50,312.849404
1.0,58,312.860296
1.0,54,312.870364
1.0,56,312.880814
1.0,56,312.89123
1.0,56,312.901711
1.0,54,312.911779
1.0,50,312.921182
1.0,58,312.93197
1.0,56,312.942407
1.0,60,312.953586
1.0,54,312.963712
1.0,68,312.976519
1.0,54,312.986592
1.0,54,312.996641
1.0,56,313.007058
1.0,56,313.01746
1.0,52,313.027181
1.0,56,313.037672
1.0,58,313.04845
1.0,56,313.058886
1.0,58,313.06968
1.0,58,313.080483
1.0,58,313.091282
1.0,56,313.101724
1.0,54,313.111837
1.0,56,313.122355
1.0,54,313.132455
1.0,66,313.144746
1.0,54,313.154844
1.0,54,313.16492
1.0,58,313.175862
1.0,54,313.185927
1.0,64,313.197891
1.0,62,313.209547
1.0,60,313.220732
1.0,56,313.231175
1.0,58,313.241974
1.0,56,313.252408
1.0,64,313.264294
1.0,58,313.275109
1.0,54,313.285146
1.0,60,313.296334
1.0,56,313.306791
1.0,50,313.316141
1.0,56,313.326571
1.0,50,313.335894
1.0,62,313.347432
1.0,50,313.356759
1.0,56,313.367177
1.0,52,313.377018
1.0,56,313.387474
1.0,62,313.399041
1.0,52,313.408741
1.0,52,313.418461
1.0,58,313.429298
1.0,64,313.441241
1.0,56,313.451695
1.0,58,313.462537
1.0,58,313.473358
1.0,58,313.484183
1.0,54,313.494244
1.0,58,313.50507
1.0,52,313.514788
1.0,62,313.526376
1.0,62,313.538008
1.0,54,313.548123
1.0,60,313.559355
1.0,56,313.569837
1.0,52,313.579677
1.0,56,313.59021
1.0,58,313.601115
1.0,58,313.612085
1.0,56,313.622553
1.0,54,313.63264
1.0,54,313.642733
1.0,60,313.653903
1.0,58,313.66473
1.0,68,313.677431
1.0,52,313.687191
1.0,54,313.697353
1.0,56,313.707855
1.0,56,313.718332
1.0,56,313.728773
1.0,62,313.740364
1.0,56,313.750823
1.0,50,313.760165
1.0,60,313.771381
1.0,52,313.781106
1.0,54,313.791323
1.0,60,313.802594
1.0,56,313.813063
1.0,64,313.824996
1.0,56,313.835461
1.0,58,313.8463
1.0,60,313.857549
1.0,62,313.869127
1.0,58,313.879972
1.0,56,313.890427
1.0,54,313.900526
1.0,62,313.912448
1.0,52,313.922235
1.0,58,313.933142
1.0,52,313.942954
1.0,52,313.952725
1.0,66,313.965121
1.0,56,313.975626
1.0,62,313.987311
1.0,56,313.997844
1.0,58,314.008707
1.0,56,314.019177
1.0,60,314.03044
1.0,52,314.04024
1.0,58,314.051117
1.0,54,314.061256
1.0,56,314.071791
1.0,56,314.082355
1.0,62,314.094098
1.0,56,314.104649
1.0,56,314.115169
1.0,54,314.125292
1.0,60,314.136478
1.0,56,314.146966
1.0,56,314.157455
1.0,54,314.167547
1.0,60,314.178736
1.0,58,314.189558
1.0,58,314.200536
1.0,66,314.212829
1.0,58,314.223662
1.0,54,314.233716
1.0,56,314.244169
1.0,64,314.256104
1.0,52,314.265812
1.0,50,314.275141
1.0,56,314.285537
1.0,58,314.296325
1.0,58,314.307133
1.0,52,314.316839
1.0,66,314.329113
1.0,54,314.339168
1.0,64,314.351097
1.0,54,314.361154
1.0,58,314.371975
1.0,60,314.383157
1.0,64,314.395169
1.0,58,314.406036
1.0,56,314.416463
1.0,60,314.427625
1.0,50,314.436943
1.0,52,314.44661
1.0,52,314.456307
1.0,54,314.466376
1.0,52,314.476048
1.0,62,314.487613
1.0,52,314.497302
1.0,58,314.508089
1.0,60,314.519272
1.0,58,314.530211
1.0,54,314.540381
1.0,56,314.550915
1.0,54,314.560984
1.0,54,314.571042
1.0,60,314.582179
1.0,54,314.592268
1.0,54,314.602525
1.0,60,314.613678
1.0,54,314.623798
1.0,66,314.636149
1.0,52,314.645878
1.0,58,314.656727
1.0,54,314.666757
1.0,70,314.679761
1.0,56,314.690194
1.0,64,314.702177
1.0,60,314.713403
1.0,56,314.723902
1.0,54,314.733972
1.0,52,314.743735
1.0,56,314.754138
1.0,56,314.76458
1.0,52,314.774278
1.0,58,314.785087
1.0,52,314.79478
1.0,60,314.806109
1.0,64,314.81801
1.0,52,314.827688
1.0,56,314.838135
1.0,62,314.849669
1.0,62,314.861165
1.0,62,314.872702
1.0,64,314.884633
1.0,62,314.896182
1.0,60,314.907371
1.0,58,314.918241
1.0,54,314.928298
1.0,60,314.939483
1.0,62,314.951022
1.0,70,314.964055
1.0,54,314.974141
1.0,56,314.984589
1.0,58,314.995414
1.0,54,315.005497
1.0,52,315.015334
1.0,54,315.025403
1.0,52,315.035112
1.0,56,315.045571
1.0,56,315.05602
1.0,56,315.066471
1.0,52,315.076254
1.0,56,315.086674
1.0,58,315.097472
1.0,56,315.107944
1.0,58,315.118787
1.0,68,315.131437
1.0,54,315.141506
1.0,58,315.152313
1.0,62,315.163875
1.0,58,315.174686
1.0,56,315.185092
1.0,62,315.196705
1.0,56,315.207136
1.0,60,315.218421
1.0,62,315.229986
1.0,68,315.242636
1.0,62,315.254189
1.0,76,315.268316
1.0,56,315.278782
1.0,50,315.288109
1.0,58,315.298908
1.0,56,315.3094
1.0,52,315.319119
1.0,66,315.331425
1.0,54,315.344332
1.0,60,315.355509
1.0,52,315.365274
1.0,60,315.376454
1.0,60,315.38768
1.0,54,315.397773
1.0,50,315.407125
1.0,66,315.419615
1.0,52,315.429349
1.0,56,315.439791
1.0,54,315.449868
1.0,60,315.46107
1.0,58,315.471899
1.0,56,315.482494
1.0,56,315.49293
1.0,58,315.50378
1.0,50,315.51316
1.0,58,315.524061
1.0,58,315.534895
1.0,50,315.544242
1.0,54,315.554351
1.0,58,315.565186
1.0,58,315.576222
1.0,54,315.586392
1.0,60,315.597608
1.0,56,315.608063
1.0,58,315.618891
1.0,58,315.62988
1.0,60,315.641154
1.0,58,315.651988
1.0,58,315.66285
1.0,60,315.674028
1.0,52,315.683735
1.0,64,315.695701
1.0,52,315.705403
1.0,52,315.715127
1.0,54,315.725188
1.0,56,315.735641
1.0,54,315.745736
1.0,50,315.755149
1.0,52,315.764862
1.0,58,315.775692
1.0,56,315.786152
1.0,58,315.796981
1.0,58,315.807858
1.0,50,315.817217
1.0,54,315.827425
1.0,62,315.839035
1.0,54,315.849117
1.0,60,315.860312
1.0,56,315.870821
1.0,60,315.881999
1.0,56,315.892471
1.0,64,315.90444
1.0,52,315.914183
1.0,54,315.924292
1.0,58,315.935161
1.0,64,315.947107
1.0,52,315.956822
1.0,66,315.96916
1.0,68,315.981897
1.0,58,315.992729
1.0,56,316.003201
1.0,56,316.013653
1.0,58,316.024473
1.0,60,316.035805
1.0,66,316.048127
1.0,54,316.058246
1.0,54,316.068351
1.0,56,316.078807
1.0,56,316.089337
1.0,56,316.099798
1.0,54,316.10986
1.0,54,316.119948
1.0,58,316.13078
1.0,52,316.140499
1.0,54,316.150669
1.0,56,316.161135
1.0,52,316.170871
1.0,54,316.180982
1.0,54,316.191069
1.0,56,316.201539
1.0,52,316.211252
1.0,56,316.221691
1.0,52,316.231431
1.0,62,316.243135
1.0,60,316.254353
1.0,54,316.264439
1.0,256,316.312835
1.0,60,316.324144
1.0,56,316.334645
1.0,52,316.344403
1.0,54,316.354564
1.0,54,316.364699
1.0,58,316.375626
1.0,52,316.385391
1.0,54,316.395503
1.0,57,316.40619
1.0,56,316.416732
1.0,54,316.426924
1.0,70,316.440171
1.0,56,316.45073
1.0,52,316.460496
1.0,60,316.471719
1.0,54,316.48192
1.0,54,316.492054
1.0,52,316.501807
1.0,52,316.51156
1.0,60,316.522812
1.0,54,316.533014
1.0,62,316.544636
1.0,52,316.554405
1.0,62,316.566007
1.0,50,316.575393
1.0,52,316.585157
1.0,62,316.596863
1.0,54,316.606996
1.0,58,316.617874
1.0,58,316.628752
1.0,60,316.639998
1.0,62,316.651807
1.0,58,316.662685
1.0,54,316.672828
1.0,60,316.684045
1.0,54,316.69416
1.0,56,316.704724
1.0,56,316.715239
1.0,60,316.726528
1.0,56,316.737001
1.0,56,316.747499
1.0,56,316.758096
1.0,56,316.768606
1.0,54,316.77873
1.0,60,316.789953
1.0,56,316.800455
1.0,58,316.811319
1.0,58,316.822216
1.0,58,316.83306
1.0,58,316.843938
1.0,60,316.855265
1.0,56,316.86578
1.0,62,316.877463
1.0,54,316.887572
1.0,58,316.898437
1.0,58,316.909311
1.0,56,316.919842
1.0,60,316.931151
1.0,56,316.941631
1.0,66,316.953959
1.0,62,316.965526
1.0,50,316.974916
1.0,50,316.984362
1.0,54,316.994481
1.0,54,317.004626
1.0,52,317.014384
1.0,52,317.024138
1.0,60,317.035384
1.0,62,317.047065
1.0,52,317.056942
1.0,56,317.067439
1.0,60,317.078685
1.0,56,317.089184
1.0,56,317.099749
1.0,56,317.110259
1.0,62,317.121905
1.0,70,317.134997
1.0,66,317.147419
1.0,50,317.156818
1.0,58,317.167701
1.0,64,317.179719
1.0,64,317.191697
1.0,62,317.203335
1.0,52,317.213119
1.0,52,317.222911
1.0,56,317.233429
1.0,58,317.244304
1.0,58,317.255291
1.0,62,317.267003
1.0,54,317.277132
1.0,56,317.287653
1.0,54,317.297773
1.0,56,317.308262
1.0,50,317.317713
1.0,60,317.329034
1.0,54,317.339169
1.0,60,317.350444
1.0,52,317.360297
1.0,54,317.370409
1.0,54,317.380593
1.0,54,317.390711
1.0,50,317.40008
1.0,56,317.410615
1.0,56,317.421099
1.0,58,317.432022
1.0,54,317.442133
1.0,54,317.452241
1.0,56,317.462883
1.0,54,317.473035
1.0,56,317.483546
1.0,62,317.495247
1.0,52,317.505003
1.0,60,317.516246
1.0,62,317.527889
1.0,60,317.539138
1.0,50,317.548609
1.0,50,317.557981
1.0,60,317.569218
1.0,58,317.580063
1.0,60,317.59128
1.0,54,317.601452
1.0,58,317.612309
1.0,58,317.623148
1.0,58,317.633989
1.0,62,317.645582
1.0,50,317.654977
1.0,56,317.665659
1.0,60,317.676889
1.0,52,317.68664
1.0,54,317.696775
1.0,56,317.707314
1.0,54,317.717449
1.0,54,317.727582
1.0,62,317.739193
1.0,58,317.750053
1.0,64,317.762012
1.0,60,317.773309
1.0,60,317.784548
1.0,54,317.794646
1.0,56,317.805123
1.0,56,317.815617
1.0,54,317.825771
1.0,56,317.836252
1.0,60,317.847502
1.0,62,317.859104
1.0,54,317.869348
1.0,50,317.878755
1.0,54,317.888912
1.0,60,317.900172
1.0,64,317.912108
1.0,58,317.922991
1.0,58,317.933892
1.0,52,317.943628
1.0,68,317.956322
1.0,58,317.967179
1.0,56,317.977684
1.0,54,317.987805
1.0,52,317.997595
1.0,54,318.007693
1.0,60,318.018907
1.0,56,318.029389
1.0,66,318.04169
1.0,60,318.052968
1.0,58,318.063851
1.0,66,318.076323
1.0,60,318.087572
1.0,56,318.098024
1.0,56,318.108561
1.0,62,318.120157
1.0,60,318.131375
1.0,60,318.142602
1.0,52,318.15232
1.0,52,318.162123
1.0,56,318.172569
1.0,52,318.182313
1.0,56,318.192803
1.0,60,318.204026
1.0,50,318.213426
1.0,52,318.223171
1.0,54,318.233514
1.0,52,318.243266
1.0,54,318.253385
1.0,60,318.2646
1.0,56,318.275272
1.0,54,318.285426
1.0,58,318.296295
1.0,56,318.30677
1.0,54,318.316928
1.0,60,318.328232
1.0,58,318.339164
1.0,52,318.348966
1.0,54,318.359095
1.0,60,318.370341
1.0,64,318.382422
1.0,60,318.393711
1.0,62,318.405368
1.0,56,318.415873
1.0,52,318.425652
1.0,54,318.435836
1.0,58,318.446707
1.0,54,318.456824
1.0,56,318.46761
1.0,56,318.478129
1.0,56,318.488789
1.0,52,318.498617
1.0,54,318.508771
1.0,52,318.51853
1.0,62,318.530131
1.0,60,318.541373
1.0,58,318.55231
1.0,58,318.563185
1.0,54,318.5733
1.0,58,318.584139
1.0,58,318.595071
1.0,64,318.607091
1.0,60,318.618374
1.0,58,318.62926
1.0,64,318.641217
1.0,54,318.65135
1.0,58,318.662357
1.0,54,318.672533
1.0,54,318.682712
1.0,54,318.693027
1.0,52,318.702785
1.0,58,318.713665
1.0,56,318.724257
1.0,54,318.734351
1.0,52,318.744115
1.0,54,318.754244
1.0,52,318.763981
1.0,64,318.775991
1.0,62,318.787608
1.0,62,318.799206
1.0,56,318.809663
1.0,58,318.820537
1.0,54,318.830641
1.0,64,318.842604
1.0,60,318.853849
1.0,54,318.864017
1.0,64,318.876002
1.0,52,318.885823
1.0,66,318.898299
1.0,58,318.909149
1.0,52,318.91888
1.0,54,318.928978
1.0,52,318.938702
1.0,66,318.951016
1.0,54,318.961145
1.0,54,318.971279
1.0,64,318.983266
1.0,56,318.993776
1.0,56,319.004267
1.0,58,319.015089
1.0,54,319.025194
1.0,64,319.03716
1.0,62,319.04875
1.0,52,319.058502
1.0,58,319.06937
1.0,58,319.080197
1.0,62,319.091956
1.0,52,319.101712
1.0,62,319.113325
1.0,64,319.125286
1.0,68,319.138011
1.0,54,319.148124
1.0,60,319.159328
1.0,54,319.16953
1.0,58,319.180376
1.0,62,319.191988
1.0,54,319.202093
1.0,58,319.212956
1.0,60,319.22426
1.0,58,319.235223
1.0,58,319.246097
1.0,58,319.256953
1.0,62,319.268566
1.0,54,319.278716
1.0,62,319.29036
1.0,56,319.301017
1.0,54,319.311159
1.0,54,319.321266
1.0,50,319.330664
1.0,56,319.341152
1.0,64,319.353131
1.0,60,319.364382
1.0,54,319.374531
1.0,54,319.384635
1.0,66,319.396964
1.0,64,319.408945
1.0,62,319.420574
1.0,60,319.431828
1.0,58,319.442708
1.0,54,319.452884
1.0,64,319.464869
1.0,72,319.478344
1.0,58,319.489246
1.0,60,319.500699
1.0,56,319.511276
1.0,68,319.523997
1.0,50,319.533403
1.0,54,319.543547
1.0,62,319.555156
1.0,58,319.566026
1.0,52,319.575778
1.0,54,319.585915
1.0,64,319.597907
1.0,64,319.609883
1.0,62,319.621552
1.0,54,319.631698
1.0,54,319.641824
1.0,56,319.652321
1.0,66,319.66469
1.0,64,319.676717
1.0,54,319.686857
1.0,64,319.698838
1.0,56,319.709467
1.0,56,319.719952
1.0,58,319.730782
1.0,56,319.741274
1.0,56,319.751788
1.0,56,319.762269
1.0,56,319.772773
1.0,64,319.784837
1.0,54,319.79496
1.0,54,319.805102
1.0,56,319.815631
1.0,52,319.825378
1.0,56,319.835862
1.0,56,319.846379
1.0,54,319.856494
1.0,54,319.866628
1.0,58,319.877475
1.0,58,319.888365
1.0,52,319.898151
1.0,54,319.90843
1.0,52,319.918202
1.0,56,319.928668
1.0,58,319.939516
1.0,52,319.949277
1.0,60,319.960484
1.0,62,319.972067
1.0,54,319.982184
1.0,60,319.993398
1.0,58,320.004225
1.0,54,320.014337
1.0,58,320.025194
1.0,52,320.034968
1.0,56,320.04544
1.0,54,320.055596
1.0,58,320.06651
1.0,66,320.078856
1.0,66,320.091195
1.0,58,320.10205
1.0,50,320.111549
1.0,56,320.122094
1.0,60,320.13328
1.0,52,320.14302
1.0,58,320.153864
1.0,64,320.165829
1.0,54,320.175935
1.0,62,320.187545
1.0,56,320.198046
1.0,62,320.209669
1.0,54,320.219797
1.0,54,320.229913
1.0,52,320.239725
1.0,54,320.249861
1.0,62,320.26148
1.0,60,320.272728
1.0,52,320.282483
1.0,56,320.292968
1.0,54,320.303082
1.0,65,320.315311
1.0,62,320.326958
1.0,54,320.337081
1.0,56,320.34755
1.0,56,320.358057
1.0,58,320.368916
1.0,64,320.380921
1.0,56,320.391424
1.0,54,320.401508
1.0,56,320.41204
1.0,58,320.4229
1.0,56,320.433394
1.0,52,320.443119
1.0,60,320.454339
1.0,56,320.464918
1.0,61,320.476326
1.0,56,320.48682
1.0,54,320.496928
1.0,62,320.508559
1.0,54,320.518689
1.0,56,320.529279
1.0,54,320.539361
1.0,50,320.548728
1.0,58,320.559575
1.0,60,320.570796
1.0,54,320.580937
1.0,56,320.591416
1.0,58,320.602298
1.0,60,320.613513
1.0,56,320.624081
1.0,52,320.633841
1.0,52,320.643624
1.0,56,320.654121
1.0,62,320.665697
1.0,56,320.676189
1.0,60,320.687485
1.0,56,320.69797
1.0,60,320.709244
1.0,58,320.720133
1.0,54,320.730406
1.0,60,320.741704
1.0,60,320.752886
1.0,58,320.763725
1.0,56,320.774222
1.0,62,320.785836
1.0,60,320.797147
1.0,56,320.807642
1.0,64,320.819612
1.0,56,320.8301
1.0,52,320.839849
1.0,58,320.850797
1.0,60,320.862025
1.0,52,320.871781
1.0,58,320.88264
1.0,58,320.89348
1.0,62,320.905154
1.0,54,320.91529
1.0,54,320.92542
1.0,56,320.936076
1.0,54,320.94619
1.0,58,320.957054
1.0,56,320.967519
1.0,58,320.978379
1.0,56,320.988847
1.0,54,320.998985
1.0,50,321.008347
1.0,54,321.018427
1.0,66,321.03074
1.0,54,321.040862
1.0,56,321.051335
1.0,50,321.060702
1.0,58,321.071579
1.0,54,321.081662
1.0,58,321.092513
1.0,56,321.103006
1.0,60,321.114319
1.0,58,321.125197
1.0,66,321.137755
1.0,52,321.147511
1.0,56,321.158014
1.0,54,321.168163
1.0,52,321.177925
1.0,62,321.189546
1.0,50,321.198918
1.0,56,321.209471
1.0,56,321.219958
1.0,52,321.229682
1.0,60,321.240884
1.0,58,321.251735
1.0,60,321.262964
1.0,50,321.27235
1.0,62,321.283935
1.0,58,321.294806
1.0,58,321.305654
1.0,54,321.315763
1.0,54,321.325876
1.0,58,321.336874
1.0,50,321.346262
1.0,56,321.356785
1.0,58,321.36766
1.0,54,321.377786
1.0,54,321.387937
1.0,56,321.398432
1.0,54,321.408631
1.0,66,321.421022
1.0,56,321.43152
1.0,56,321.442
1.0,56,321.452509
1.0,58,321.46342
1.0,60,321.474653
1.0,56,321.485104
1.0,54,321.495224
1.0,64,321.507177
1.0,58,321.518114
1.0,52,321.527838
1.0,54,321.537971
1.0,58,321.548961
1.0,56,321.559422
1.0,56,321.569893
1.0,58,321.580734
1.0,58,321.591575
1.0,54,321.601685
1.0,56,321.612147
1.0,50,321.621477
1.0,64,321.633418
1.0,62,321.645013
1.0,60,321.656291
1.0,60,321.667524
1.0,56,321.678034
1.0,56,321.688587
1.0,52,321.698327
1.0,66,321.710703
1.0,64,321.722675
1.0,58,321.73352
1.0,58,321.744533
1.0,58,321.755373
1.0,60,321.76661
1.0,60,321.777874
1.0,52,321.787632
1.0,56,321.798144
1.0,70,321.811203
1.0,60,321.822414
1.0,66,321.834759
1.0,56,321.845253
1.0,56,321.855781
1.0,64,321.867747
1.0,56,321.878188
1.0,54,321.888292
1.0,56,321.898838
1.0,56,321.909388
1.0,54,321.919567
1.0,60,321.930815
1.0,60,321.942001
1.0,50,321.951497
1.0,66,321.963921
1.0,58,321.974748
1.0,56,321.985238
1.0,54,321.995342
1.0,58,322.006163
1.0,50,322.015533
1.0,60,322.026822
1.0,62,322.038441
1.0,56,322.048899
1.0,50,322.058262
1.0,58,322.069093
1.0,62,322.080751
1.0,54,322.090861
1.0,62,322.102446
1.0,58,322.113302
1.0,54,322.123451
1.0,56,322.133893
1.0,60,322.145146
1.0,64,322.157265
1.0,52,322.167013
1.0,60,322.178216
1.0,58,322.189058
1.0,56,322.199522
1.0,56,322.209987
1.0,62,322.221585
1.0,60,322.232854
1.0,58,322.243714
1.0,62,322.255303
1.0,56,322.265741
1.0,56,322.276219
1.0,58,322.287088
1.0,54,322.297203
1.0,54,322.307325
1.0,54,322.317432
1.0,60,322.32865
1.0,60,322.339893
1.0,64,322.351833
1.0,60,322.363236
1.0,62,322.374838
1.0,54,322.384938
1.0,62,322.396521
1.0,60,322.407745
1.0,56,322.418233
1.0,60,322.429439
1.0,50,322.438805
1.0,56,322.449287
1.0,56,322.459758
1.0,56,322.470242
1.0,58,322.481098
1.0,54,322.491205
1.0,58,322.502011
1.0,54,322.512114
1.0,52,322.521835
1.0,62,322.533429
1.0,60,322.544615
1.0,66,322.556916
1.0,56,322.567471
1.0,68,322.580125
1.0,54,322.590229
1.0,64,322.602161
1.0,54,322.612243
1.0,54,322.622316
1.0,68,322.634981
1.0,58,322.645797
1.0,54,322.655891
1.0,56,322.666362
1.0,56,322.676881
1.0,60,322.688133
1.0,54,322.698381
1.0,58,322.7093
1.0,52,322.71901
1.0,68,322.73173
1.0,58,322.742557
1.0,62,322.754145
1.0,62,322.765859
1.0,54,322.775976
1.0,52,322.785716
1.0,62,322.797344
1.0,52,322.807092
1.0,54,322.817171
1.0,64,322.829167
1.0,58,322.840031
1.0,62,322.851606
1.0,56,322.862127
1.0,56,322.872635
1.0,50,322.881984
1.0,56,322.892486
1.0,58,322.903351
1.0,52,322.913116
1.0,62,322.924822
1.0,56,322.935315
1.0,54,322.945443
1.0,60,322.956676
1.0,62,322.968413
1.0,54,322.978495
1.0,56,322.989073
1.0,52,322.998819
1.0,60,323.010036
1.0,54,323.020158
1.0,62,323.031786
1.0,54,323.041849
1.0,54,323.051968
1.0,55,323.062262
1.0,56,323.072737
1.0,60,323.08397
1.0,58,323.094797
1.0,62,323.106386
1.0,66,323.118728
1.0,60,323.129954
1.0,52,323.139751
1.0,52,323.149556
1.0,52,323.159398
1.0,60,323.170629
1.0,58,323.181684
1.0,54,323.191795
1.0,50,323.20114
1.0,56,323.211607
1.0,60,323.222837
1.0,62,323.234412
1.0,56,323.244915
1.0,54,323.255033
1.0,58,323.265887
1.0,58,323.276689
1.0,58,323.2875
1.0,54,323.300351
1.0,72,323.314406
1.0,58,323.32532
1.0,52,323.335095
1.0,60,323.346334
1.0,54,323.356452
1.0,56,323.36696
1.0,64,323.379064
1.0,66,323.391433
1.0,62,323.403025
1.0,54,323.413136
1.0,58,323.42398
1.0,56,323.434436
1.0,56,323.444903
1.0,62,323.456457
1.0,50,323.465828
1.0,58,323.476667
1.0,62,323.488238
1.0,62,323.499812
1.0,52,323.509518
1.0,60,323.520779
1.0,56,323.531367
1.0,52,323.541088
1.0,60,323.55228
1.0,54,323.562346
1.0,54,323.572445
1.0,58,323.583429
1.0,56,323.594009
1.0,52,323.603759
1.0,58,323.614622
1.0,60,323.625815
1.0,50,323.635176
1.0,52,323.644913
1.0,52,323.654606
1.0,66,323.666919
1.0,68,323.679623
1.0,54,323.689724
1.0,52,323.69952
1.0,54,323.70962
1.0,58,323.720452
1.0,58,323.731326
1.0,50,323.740698
1.0,54,323.750875
1.0,64,323.762898
1.0,62,323.774485
1.0,56,323.7852
1.0,58,323.796043
1.0,64,323.807974
1.0,58,323.818811
1.0,54,323.828894
1.0,56,323.839348
1.0,56,323.849829
1.0,60,323.86102
1.0,64,323.872948
1.0,60,323.884149
1.0,58,323.895009
1.0,62,323.906548
1.0,54,323.916615
1.0,62,323.928167
1.0,60,323.939392
1.0,56,323.949862
1.0,60,323.961085
1.0,54,323.971179
1.0,60,323.982353
1.0,56,323.992966
1.0,68,324.005667
1.0,62,324.017291
1.0,62,324.028872
1.0,62,324.040472
1.0,56,324.050954
1.0,52,324.06067
1.0,54,324.070786
1.0,60,324.082017
1.0,60,324.093266
1.0,56,324.103731
1.0,58,324.114546
1.0,56,324.124997
1.0,56,324.135481
1.0,60,324.146683
1.0,56,324.157146
1.0,58,324.167973
1.0,68,324.18067
1.0,56,324.191172
1.0,58,324.202075
1.0,50,324.211445
1.0,52,324.221187
1.0,62,324.232779
1.0,56,324.243229
1.0,56,324.253697
1.0,52,324.263438
1.0,52,324.273157
1.0,64,324.285111
1.0,58,324.295952
1.0,64,324.307894
1.0,60,324.319109
1.0,54,324.329216
1.0,52,324.338957
1.0,68,324.351679
1.0,58,324.362522
1.0,54,324.372608
1.0,56,324.383082
1.0,66,324.39551
1.0,52,324.405293
1.0,54,324.415401
1.0,56,324.425859
1.0,58,324.436677
1.0,60,324.447893
1.0,56,324.458364
1.0,56,324.468839
1.0,62,324.480422
1.0,56,324.490891
1.0,66,324.503191
1.0,54,324.513317
1.0,56,324.523778
1.0,52,324.533494
1.0,62,324.544982
1.0,62,324.556544
1.0,62,324.568126
1.0,52,324.577841
1.0,52,324.587573
1.0,52,324.597305
1.0,54,324.607539
1.0,62,324.619133
1.0,50,324.628499
1.0,62,324.640044
1.0,54,324.65013
1.0,52,324.659858
1.0,52,324.669603
1.0,60,324.680915
1.0,58,324.691763
1.0,64,324.70371
1.0,52,324.713421
1.0,58,324.724291
1.0,52,324.734021
1.0,50,324.743403
1.0,62,324.75497
1.0,58,324.765829
1.0,54,324.776084
1.0,54,324.786208
1.0,54,324.796358
1.0,56,324.807035
1.0,60,324.818343
1.0,64,324.830388
1.0,56,324.84091
1.0,56,324.851434
1.0,50,324.86104
1.0,58,324.871905
1.0,56,324.882382
1.0,54,324.892459
1.0,64,324.904408
1.0,64,324.916354
1.0,56,324.926832
1.0,56,324.937349
1.0,62,324.948933
1.0,52,324.958667
1.0,58,324.969519
1.0,54,324.979622
1.0,56,324.990103
1.0,58,325.00097
1.0,54,325.011215
1.0,56,325.021696
1.0,58,325.032546
1.0,58,325.04349
1.0,54,325.053646
1.0,58,325.064514
1.0,58,325.075395
1.0,64,325.087351
1.0,60,325.098632
1.0,50,325.108038
1.0,56,325.118537
1.0,54,325.128619
1.0,58,325.13947
1.0,56,325.149966
1.0,52,325.159688
1.0,60,325.170902
1.0,54,325.181032
1.0,50,325.190399
1.0,66,325.202732
1.0,62,325.2145
1.0,66,325.22685
1.0,58,325.237693
1.0,58,325.24854
1.0,63,325.260336
1.0,54,325.270457
1.0,66,325.282862
1.0,58,325.293721
1.0,58,325.304577
1.0,52,325.314317
1.0,52,325.324142
1.0,62,325.335861
1.0,54,325.346025
1.0,58,325.356896
1.0,60,325.368125
1.0,54,325.378259
1.0,52,325.388152
1.0,54,325.398288
1.0,68,325.411009
1.0,52,325.420871
1.0,50,325.430243
1.0,58,325.441147
1.0,52,325.450907
1.0,58,325.461753
1.0,54,325.471867
1.0,58,325.482741
1.0,58,325.4936
1.0,58,325.504511
1.0,54,325.514663
1.0,54,325.52475
1.0,60,325.535953
1.0,58,325.546847
1.0,68,325.559584
1.0,54,325.569708
1.0,56,325.580224
1.0,62,325.591838
1.0,56,325.602338
1.0,70,325.615489
1.0,58,325.626527
1.0,56,325.636992
1.0,58,325.647822
1.0,56,325.658279
1.0,58,325.669121
1.0,52,325.678854
1.0,60,325.690072
1.0,58,325.700967
1.0,50,325.710347
1.0,52,325.720179
1.0,58,325.731036
1.0,52,325.740758
1.0,58,325.75162
1.0,54,325.76174
1.0,56,325.772261
1.0,56,325.782763
1.0,62,325.794343
1.0,60,325.805551
1.0,56,325.816023
1.0,54,325.826264
1.0,54,325.83638
1.0,54,325.846513
1.0,56,325.856974
1.0,54,325.867128
1.0,56,325.877616
1.0,64,325.889606
1.0,56,325.900293
1.0,54,325.910575
1.0,58,325.921616
1.0,50,325.931164
1.0,60,325.942605
1.0,58,325.95347
1.0,54,325.96359
1.0,56,325.974035
1.0,52,325.983788
1.0,60,325.995015
1.0,56,326.005491
1.0,54,326.015572
1.0,60,326.026795
1.0,60,326.038106
1.0,56,326.048565
1.0,60,326.059774
1.0,60,326.070987
1.0,70,326.084055
1.0,52,326.093801
1.0,56,326.104215
1.0,56,326.114706
1.0,58,326.125542
1.0,52,326.13528
1.0,62,326.146852
1.0,52,326.156566
1.0,58,326.167418
1.0,66,326.179754
1.0,62,326.191356
1.0,60,326.202559
1.0,62,326.214131
1.0,54,326.224211
1.0,54,326.234433
1.0,58,326.245286
1.0,60,326.256462
1.0,56,326.266964
1.0,58,326.277818
1.0,58,326.288644
1.0,54,326.298747
1.0,52,326.308504
1.0,58,326.319376
1.0,56,326.32986
1.0,56,326.340331
1.0,56,326.350795
1.0,52,326.360517
1.0,54,326.370611
1.0,60,326.381821
1.0,56,326.392286
1.0,52,326.40201
1.0,56,326.412521
1.0,56,326.423006
1.0,56,326.433455
1.0,56,326.444055
1.0,54,326.454154
1.0,60,326.465369
1.0,68,326.478041
1.0,54,326.488145
1.0,52,326.497863
1.0,52,326.507591
1.0,52,326.517314
1.0,58,326.528158
1.0,62,326.539759
1.0,66,326.552059
1.0,60,326.563274
1.0,58,326.574083
1.0,56,326.584549
1.0,50,326.593892
1.0,58,326.604709
1.0,56,326.615152
1.0,56,326.625621
1.0,62,326.637177
1.0,58,326.648124
1.0,54,326.658239
1.0,52,326.667966
1.0,56,326.678566
1.0,58,326.689444
1.0,60,326.700697
1.0,56,326.71119
1.0,54,326.721315
1.0,54,326.73145
1.0,58,326.742458
1.0,54,326.752613
1.0,56,326.763138
1.0,58,326.774008
1.0,58,326.784962
1.0,68,326.79777
1.0,52,326.807577
1.0,54,326.817738
1.0,56,326.828284
1.0,54,326.838467
1.0,50,326.847993
1.0,56,326.858477
1.0,58,326.86932
1.0,56,326.879827
1.0,58,326.890726
1.0,58,326.901597
1.0,62,326.913199
1.0,62,326.9248
1.0,64,326.936752
1.0,62,326.948385
1.0,56,326.958891
1.0,60,326.97011
1.0,68,326.98281
1.0,54,326.992956
1.0,58,327.003866
1.0,66,327.016213
1.0,56,327.026728
1.0,62,327.038308
1.0,54,327.048604
1.0,56,327.059099
1.0,60,327.070358
1.0,58,327.081231
1.0,52,327.090954
1.0,58,327.101797
1.0,58,327.11266
1.0,56,327.123167
1.0,52,327.132933
1.0,52,327.142711
1.0,56,327.153195
1.0,56,327.1637
1.0,52,327.173491
1.0,50,327.182905
1.0,52,327.192665
1.0,66,327.20502
1.0,56,327.215535
1.0,60,327.226798
1.0,62,327.238405
1.0,54,327.248542
1.0,62,327.260278
1.0,52,327.270032
1.0,52,327.279809
1.0,54,327.289948
1.0,62,327.301572
1.0,50,327.310957
1.0,58,327.321842
1.0,56,327.332363
1.0,62,327.343992
1.0,50,327.35336
1.0,56,327.363869
1.0,54,327.373992
1.0,58,327.384836
1.0,58,327.395725
1.0,58,327.406604
1.0,60,327.417865
1.0,66,327.430249
1.0,54,327.44044
1.0,54,327.4506
1.0,54,327.460922
1.0,54,327.471051
1.0,54,327.481178
1.0,68,327.493881
1.0,62,327.505475
1.0,54,327.515618
1.0,56,327.526119
1.0,60,327.537355
1.0,52,327.547106
1.0,52,327.556852
1.0,64,327.568839
1.0,54,327.578945
1.0,52,327.588702
1.0,58,327.599568
1.0,58,327.61042
1.0,52,327.620179
1.0,50,327.629543
1.0,68,327.64223
1.0,58,327.653105
1.0,66,327.665598
1.0,58,327.67645
1.0,56,327.686969
1.0,56,327.697443
1.0,64,327.709439
1.0,52,327.719214
1.0,62,327.730806
1.0,56,327.741275
1.0,54,327.751383
1.0,62,327.763008
1.0,52,327.772747
1.0,54,327.78288
1.0,54,327.792994
1.0,58,327.803869
1.0,56,327.814422
1.0,60,327.825698
1.0,54,327.835837
1.0,70,327.848939
1.0,58,327.859809
1.0,60,327.871205
1.0,50,327.880591
1.0,58,327.89143
1.0,52,327.901149
1.0,66,327.91348
1.0,50,327.92285
1.0,58,327.933704
1.0,54,327.943836
1.0,54,327.953994
1.0,54,327.964099
1.0,52,327.973831
1.0,56,327.984272
1.0,54,327.994406
1.0,56,328.004914
1.0,62,328.016536
1.0,56,328.027052
1.0,64,328.039014
1.0,52,328.048747
1.0,52,328.058495
1.0,56,328.069108
1.0,56,328.079605
1.0,50,328.088962
1.0,58,328.099808
1.0,54,328.109943
1.0,54,328.120086
1.0,58,328.130997
1.0,56,328.141488
1.0,52,328.151281
1.0,56,328.161792
1.0,62,328.173442
1.0,60,328.184749
1.0,54,328.194942
1.0,58,328.205913
1.0,58,328.216868
1.0,58,328.227752
1.0,54,328.237909
1.0,60,328.249164
1.0,56,328.259687
1.0,60,328.271101
1.0,50,328.280607
1.0,56,328.291173
1.0,60,328.30246
1.0,56,328.31299
1.0,54,328.32317
1.0,60,328.334472
1.0,56,328.344964
1.0,56,328.355484
1.0,58,328.366341
1.0,50,328.375725
1.0,60,328.386976
1.0,54,328.397086
1.0,50,328.406478
1.0,64,328.418493
1.0,64,328.430492
1.0,56,328.441
1.0,60,328.452228
1.0,56,328.462717
1.0,62,328.474302
1.0,60,328.485662
1.0,64,328.49832
1.0,54,328.508818
1.0,54,328.519267
1.0,56,328.530028
1.0,60,328.541655
1.0,60,328.553244
1.0,58,328.564426
1.0,56,328.575156
1.0,56,328.585814
1.0,56,328.596411
1.0,56,328.606912
1.0,54,328.617134
1.0,66,328.629489
1.0,60,328.640716
1.0,66,328.653056
1.0,54,328.663144
1.0,66,328.675527
1.0,56,328.686164
1.0,58,328.697071
1.0,54,328.707214
1.0,60,328.71845
1.0,56,328.728963
1.0,54,328.739095
1.0,56,328.749727
1.0,58,328.760697
1.0,54,328.77078
1.0,60,328.781972
1.0,54,328.792087
1.0,56,328.802547
1.0,58,328.813395
1.0,52,328.823164
1.0,54,328.833283
1.0,58,328.844124
1.0,52,328.85384
1.0,56,328.864277
1.0,56,328.874754
1.0,64,328.886899
1.0,54,328.897014
1.0,56,328.907484
1.0,62,328.919065
1.0,62,328.930634
1.0,54,328.940756
1.0,56,328.951262
1.0,54,328.961371
1.0,52,328.971074
1.0,54,328.981176
1.0,56,328.991667
1.0,52,329.001374
1.0,54,329.011446
1.0,54,329.021543
1.0,56,329.032003
1.0,54,329.042079
1.0,54,329.052169
1.0,54,329.062259
1.0,62,329.073837
1.0,62,329.085422
1.0,56,329.096027
1.0,56,329.10648
1.0,54,329.116565
1.0,56,329.127026
1.0,58,329.137873
1.0,50,329.147249
1.0,58,329.158086
1.0,60,329.169289
1.0,58,329.18011
1.0,50,329.189484
1.0,60,329.200734
1.0,56,329.211214
1.0,58,329.222054
1.0,54,329.232147
1.0,58,329.242976
1.0,56,329.253452
1.0,58,329.264298
1.0,58,329.275159
1.0,64,329.28709
1.0,60,329.29844
1.0,54,329.308506
1.0,52,329.318216
1.0,62,329.329775
1.0,54,329.339887
1.0,54,329.349989
1.0,60,329.361182
1.0,56,329.371634
1.0,56,329.382113
1.0,54,329.392216
1.0,58,329.403033
1.0,58,329.413892
1.0,58,329.424712
1.0,58,329.435538
1.0,60,329.446733
1.0,58,329.457528
1.0,54,329.467648
1.0,54,329.477744
1.0,52,329.487447
1.0,64,329.499493
1.0,54,329.50984
1.0,52,329.519566
1.0,68,329.532242
1.0,56,329.543392
1.0,64,329.556109
1.0,64,329.568458
1.0,52,329.578489
1.0,52,329.588559
1.0,60,329.600149
1.0,56,329.610959
1.0,54,329.621366
1.0,64,329.633745
1.0,60,329.645223
1.0,52,329.655082
1.0,60,329.666328
1.0,56,329.676849
1.0,54,329.686942
1.0,60,329.698227
1.0,62,329.709923
1.0,50,329.719306
1.0,60,329.730534
1.0,54,329.740625
1.0,61,329.752135
1.0,56,329.762609
1.0,54,329.7727
1.0,54,329.782782
1.0,56,329.793254
1.0,70,329.806373
1.0,54,329.816452
1.0,64,329.828403
1.0,54,329.838494
1.0,58,329.849312
1.0,56,329.859845
1.0,52,329.869583
1.0,60,329.880799
1.0,54,329.890966
1.0,52,329.900764
1.0,58,329.911737
1.0,62,329.923369
1.0,62,329.934929
1.0,58,329.94579
1.0,54,329.955942
1.0,52,329.9657
1.0,58,329.976577
1.0,52,329.986337
1.0,70,329.999463
1.0,56,330.009967
1.0,56,330.020457
1.0,52,330.030291
1.0,52,330.040015
1.0,54,330.050142
1.0,56,330.060582
1.0,56,330.071028
1.0,58,330.081836
1.0,56,330.092341
1.0,54,330.102427
1.0,58,330.113404
1.0,52,330.123129
1.0,54,330.13321
1.0,52,330.142995
1.0,56,330.153471
1.0,60,330.164657
1.0,66,330.176959
1.0,60,330.188184
1.0,56,330.198646
1.0,62,330.210225
1.0,56,330.220678
1.0,56,330.231164
1.0,58,330.242007
1.0,56,330.252457
1.0,64,330.264474
1.0,62,330.276042
1.0,54,330.286143
1.0,56,330.296592
1.0,60,330.307814
1.0,56,330.31846
1.0,58,330.329309
1.0,68,330.342039
1.0,54,330.35214
1.0,58,330.362996
1.0,56,330.373555
1.0,64,330.385548
1.0,56,330.396025
1.0,56,330.406462
1.0,62,330.418052
1.0,50,330.427549
1.0,56,330.437991
1.0,58,330.448838
1.0,52,330.458542
1.0,60,330.469769
1.0,58,330.480656
1.0,60,330.491947
1.0,52,330.501696
1.0,72,330.515194
1.0,54,330.525337
1.0,56,330.535874
1.0,52,330.545589
1.0,52,330.555313
1.0,58,330.566136
1.0,56,330.576578
1.0,60,330.587751
1.0,56,330.598271
1.0,60,330.609453
1.0,56,330.619894
1.0,56,330.630357
1.0,66,330.64273
1.0,54,330.652994
1.0,58,330.663853
1.0,54,330.673935
1.0,54,330.684033
1.0,56,330.69449
1.0,66,330.707648
1.0,50,330.717012
1.0,56,330.727621
1.0,56,330.738159
1.0,62,330.749719
1.0,52,330.759463
1.0,56,330.769979
1.0,56,330.78071
1.0,54,330.79097
1.0,62,330.802623
1.0,64,330.814574
1.0,52,330.824405
1.0,58,330.83527
1.0,64,330.847224
1.0,56,330.857713
1.0,52,330.867484
1.0,70,330.880569
1.0,62,330.892151
1.0,64,330.904122
1.0,58,330.915002
1.0,54,330.92525
1.0,56,330.935748
1.0,52,330.945485
1.0,52,330.955226
1.0,54,330.965315
1.0,58,330.976162
1.0,54,330.986253
1.0,56,330.996727
1.0,56,331.007216
1.0,58,331.018083
1.0,60,331.029284
1.0,54,331.039379
1.0,54,331.049483
1.0,54,331.059601
1.0,66,331.071956
1.0,58,331.082819
1.0,54,331.092931
1.0,56,331.103421
1.0,62,331.115077
1.0,58,331.125974
1.0,60,331.137413
1.0,56,331.147931
1.0,64,331.159932
1.0,56,331.170446
1.0,60,331.181706
1.0,60,331.192938
1.0,56,331.203417
1.0,64,331.215394
1.0,62,331.227004
1.0,58,331.237898
1.0,52,331.24772
1.0,52,331.257511
1.0,50,331.266913
1.0,62,331.278571
1.0,60,331.289806
1.0,54,331.299964
1.0,58,331.310843
1.0,56,331.321364
1.0,56,331.332011
1.0,56,331.34252
1.0,54,331.352681
1.0,52,331.36247
1.0,50,331.371827
1.0,54,331.381979
1.0,58,331.392848
1.0,62,331.404451
1.0,70,331.41758
1.0,62,331.429265
1.0,50,331.438632
1.0,62,331.450176
1.0,54,331.46033
1.0,54,331.470512
1.0,52,331.480254
1.0,62,331.491879
1.0,60,331.503069
1.0,66,331.51538
1.0,66,331.527693
1.0,52,331.537562
1.0,58,331.548421
1.0,58,331.559294
1.0,54,331.569404
1.0,58,331.580231
1.0,64,331.59214
1.0,60,331.603329
1.0,52,331.613065
1.0,58,331.6239
1.0,54,331.634058
1.0,58,331.644888
1.0,58,331.655749
1.0,60,331.667
1.0,52,331.676766
1.0,62,331.688411
1.0,58,331.699292
1.0,60,331.71053
1.0,56,331.721023
1.0,54,331.731113
1.0,64,331.743186
1.0,60,331.754411
1.0,52,331.764189
1.0,62,331.775781
1.0,56,331.786271
1.0,54,331.796403
1.0,58,331.807246
1.0,56,331.817714
1.0,54,331.827826
1.0,52,331.837572
1.0,54,331.847716
1.0,54,331.857795
1.0,56,331.868299
1.0,56,331.878792
1.0,60,331.889986
1.0,56,331.900458
1.0,54,331.910594
1.0,54,331.920705
1.0,52,331.930452
1.0,60,331.941735
1.0,66,331.95417
1.0,52,331.963909
1.0,56,331.97435
1.0,62,331.985933
1.0,62,331.997569
1.0,56,332.00804
1.0,64,332.019963
1.0,52,332.029695
1.0,58,332.040528
1.0,60,332.051743
1.0,58,332.062599
1.0,62,332.074179
1.0,56,332.084677
1.0,52,332.094443
1.0,58,332.1053
1.0,56,332.11581
1.0,54,332.125927
1.0,64,332.137886
1.0,50,332.147361
1.0,64,332.159393
1.0,58,332.170242
1.0,52,332.180004
1.0,58,332.190861
1.0,58,332.201721
1.0,54,332.211862
1.0,56,332.222347
1.0,60,332.233556
1.0,60,332.244802
1.0,50,332.254168
1.0,58,332.265001
1.0,56,332.275442
1.0,56,332.285888
1.0,56,332.296338
1.0,52,332.306084
1.0,56,332.316542
1.0,56,332.326992
1.0,56,332.337471
1.0,54,332.347558
1.0,64,332.359665
1.0,56,332.370192
1.0,56,332.380635
1.0,60,332.391835
1.0,56,332.40229
1.0,54,332.412406
1.0,52,332.422148
1.0,64,332.434098
1.0,58,332.444917
1.0,62,332.456509
1.0,54,332.466659
1.0,62,332.478278
1.0,52,332.488061
1.0,54,332.498201
1.0,62,332.509809
1.0,60,332.521066
1.0,60,332.532335
1.0,56,332.54284
1.0,58,332.553661
1.0,54,332.563893
1.0,54,332.573993
1.0,58,332.584871
1.0,56,332.595359
1.0,60,332.606591
1.0,54,332.616714
1.0,64,332.62869
1.0,52,332.638426
1.0,54,332.64853
1.0,58,332.659397
1.0,58,332.670224
1.0,54,332.680371
1.0,56,332.690838
1.0,62,332.702422
1.0,52,332.712156
1.0,60,332.72338
1.0,54,332.733471
1.0,56,332.743934
1.0,56,332.75438
1.0,58,332.765362
1.0,54,332.77546
1.0,58,332.78632
1.0,52,332.796069
1.0,52,332.805827
1.0,62,332.817436
1.0,62,332.829064
1.0,62,332.840648
1.0,54,332.850763
1.0,60,332.861992
1.0,62,332.873572
1.0,60,332.88479
1.0,54,332.894893
1.0,50,332.904242
1.0,60,332.915481
1.0,58,332.926315
1.0,56,332.936769
1.0,54,332.94686
1.0,64,332.958808
1.0,58,332.969758
1.0,64,332.981682
1.0,52,332.991401
1.0,52,333.001124
1.0,60,333.012304
1.0,58,333.023163
1.0,52,333.032907
1.0,62,333.044448
1.0,58,333.055278
1.0,58,333.066105
1.0,56,333.076576
1.0,58,333.087396
1.0,54,333.097466
1.0,54,333.107574
1.0,62,333.119152
1.0,62,333.130686
1.0,54,333.140816
1.0,56,333.151319
1.0,56,333.16176
1.0,68,333.174614
1.0,66,333.186915
1.0,56,333.197376
1.0,58,333.208213
1.0,52,333.217908
1.0,58,333.228723
1.0,56,333.239149
1.0,54,333.249232
1.0,54,333.259349
1.0,60,333.270554
1.0,56,333.281025
1.0,54,333.291129
1.0,66,333.303457
1.0,54,333.313551
1.0,66,333.325821
1.0,58,333.336621
1.0,60,333.347826
1.0,62,333.359419
1.0,62,333.37106
1.0,62,333.38278
1.0,64,333.394766
1.0,54,333.404902
1.0,58,333.416026
1.0,54,333.426169
1.0,54,333.436257
1.0,54,333.446363
1.0,50,333.455708
1.0,64,333.467627
1.0,57,333.478257
1.0,58,333.489111
1.0,54,333.499197
1.0,58,333.510054
1.0,58,333.52089
1.0,58,333.531734
1.0,56,333.542238
1.0,54,333.552334
1.0,54,333.562436
1.0,60,333.573649
1.0,58,333.584627
1.0,60,333.595825
1.0,60,333.607005
1.0,52,333.616711
1.0,56,333.627176
1.0,60,333.638405
1.0,60,333.649585
1.0,60,333.660771
1.0,54,333.670878
1.0,58,333.68173
1.0,56,333.692203
1.0,62,333.703752
1.0,54,333.713845
1.0,58,333.724672
1.0,64,333.736629
1.0,58,333.747442
1.0,64,333.759422
1.0,56,333.769885
1.0,52,333.779744
1.0,56,333.790209
1.0,60,333.80141
1.0,56,333.811915
1.0,54,333.822009
1.0,52,333.831725
1.0,60,333.842905
1.0,54,333.852996
1.0,58,333.863812
1.0,54,333.873885
1.0,62,333.885456
1.0,54,333.895558
1.0,56,333.906024
1.0,60,333.917205
1.0,56,333.927657
1.0,62,333.939239
1.0,50,333.948588
1.0,55,333.958857
1.0,54,333.968928
1.0,60,333.980132
1.0,52,333.989988
1.0,54,334.000079
1.0,64,334.012023
1.0,62,334.023623
1.0,60,334.034808
1.0,56,334.04525
1.0,56,334.055692
1.0,52,334.065421
1.0,54,334.075498
1.0,62,334.087096
1.0,60,334.098254
1.0,60,334.109455
1.0,56,334.119935
1.0,54,334.130014
1.0,54,334.140071
1.0,64,334.151997
1.0,54,334.162053
1.0,58,334.172895
1.0,58,334.183751
1.0,58,334.194707
1.0,52,334.204395
1.0,60,334.215609
1.0,62,334.227192
1.0,54,334.237379
1.0,62,334.248958
1.0,54,334.259013
1.0,58,334.269856
1.0,58,334.280734
1.0,58,334.291585
1.0,56,334.302068
1.0,58,334.312863
1.0,64,334.324781
1.0,56,334.335248
1.0,54,334.345377
1.0,62,334.356977
1.0,62,334.368571
1.0,62,334.380133
1.0,58,334.391042
1.0,60,334.402357
1.0,64,334.414311
1.0,54,334.42438
1.0,54,334.434473
1.0,60,334.445678
1.0,54,334.455746
1.0,56,334.466197
1.0,58,334.477039
1.0,58,334.487879
1.0,66,334.500172
1.0,52,334.509955
1.0,64,334.521901
1.0,56,334.532382
1.0,50,334.541755
1.0,54,334.551836
1.0,62,334.563401
1.0,56,334.573836
1.0,60,334.58502
1.0,58,334.596017
1.0,58,334.606836
1.0,50,334.616182
1.0,60,334.627422
1.0,60,334.63861
1.0,58,334.649439
1.0,58,334.660267
1.0,60,334.671458
1.0,64,334.683363
1.0,64,334.695354
1.0,54,334.705462
1.0,52,334.71525
1.0,60,334.726521
1.0,58,334.737377
1.0,56,334.747846
1.0,58,334.758679
1.0,54,334.76874
1.0,68,334.781394
1.0,56,334.791834
1.0,60,334.803097
1.0,56,334.813534
1.0,60,334.824726
1.0,60,334.83593
1.0,54,334.846008
1.0,56,334.85646
1.0,52,334.866174
1.0,56,334.876654
1.0,60,334.887834
1.0,66,334.900206
1.0,66,334.912516
1.0,62,334.924044
1.0,60,334.935276
1.0,62,334.946828
1.0,60,334.958
1.0,64,334.969918
1.0,56,334.980373
1.0,64,334.992291
1.0,64,335.004324
1.0,54,335.014398
1.0,56,335.024826
1.0,50,335.034168
1.0,52,335.043886
1.0,54,335.053943
1.0,60,335.065144
1.0,60,335.076339
1.0,54,335.08641
1.0,52,335.096133
1.0,56,335.106583
1.0,60,335.117775
1.0,54,335.127855
1.0,66,335.140167
1.0,60,335.151359
1.0,54,335.161513
1.0,56,335.171967
1.0,54,335.182114
1.0,54,335.192173
1.0,54,335.202247
1.0,60,335.213571
1.0,58,335.224411
1.0,54,335.234481
1.0,52,335.244189
1.0,54,335.254247
1.0,54,335.264318
1.0,54,335.274399
1.0,62,335.285946
1.0,52,335.29567
1.0,58,335.30652
1.0,56,335.316979
1.0,56,335.32742
1.0,62,335.338953
1.0,56,335.349417
1.0,58,335.360253
1.0,56,335.370731
1.0,58,335.381554
1.0,56,335.392004
1.0,52,335.4017
1.0,54,335.411915
1.0,54,335.421982
1.0,66,335.434282
1.0,66,335.446591
1.0,52,335.456309
1.0,56,335.466759
1.0,56,335.477189
1.0,54,335.487284
1.0,54,335.497419
1.0,60,335.508614
1.0,52,335.518391
1.0,60,335.529608
1.0,72,335.543029
1.0,60,335.554211
1.0,54,335.564314
1.0,52,335.574085
1.0,54,335.584171
1.0,56,335.594625
1.0,56,335.605121
1.0,56,335.615727
1.0,58,335.626568
1.0,56,335.63705
1.0,58,335.647902
1.0,60,335.659088
1.0,52,335.668809
1.0,58,335.679623
1.0,62,335.691219
1.0,60,335.702423
1.0,54,335.71251
1.0,50,335.721865
1.0,54,335.731987
1.0,62,335.743545
1.0,60,335.754768
1.0,54,335.764878
1.0,62,335.776516
1.0,58,335.787355
1.0,58,335.798245
1.0,62,335.809808
1.0,58,335.820817
1.0,54,335.830955
1.0,66,335.843269
1.0,60,335.854525
1.0,58,335.865345
1.0,56,335.87579
1.0,62,335.887369
1.0,70,335.900455
1.0,52,335.91026
1.0,52,335.920006
1.0,52,335.929737
1.0,50,335.939137
1.0,60,335.950348
1.0,58,335.961223
1.0,58,335.972103
1.0,58,335.982994
1.0,64,335.994986
1.0,50,336.004379
1.0,52,336.014156
1.0,60,336.025507
1.0,54,336.035634
1.0,56,336.046135
1.0,56,336.056651
1.0,54,336.066768
1.0,64,336.078742
1.0,58,336.089616
1.0,62,336.101224
1.0,54,336.111484
1.0,56,336.122017
1.0,57,336.132739
1.0,60,336.143981
1.0,56,336.1545
1.0,56,336.164961
1.0,52,336.174709
1.0,58,336.185579
1.0,52,336.195335
1.0,60,336.206563
1.0,60,336.217805
1.0,62,336.229534
1.0,54,336.23966
1.0,64,336.251667
1.0,60,336.262931
1.0,60,336.27418
1.0,60,336.285414
1.0,54,336.295593
1.0,62,336.30722
1.0,60,336.318519
1.0,58,336.32938
1.0,54,336.339506
1.0,54,336.349649
1.0,58,336.360602
1.0,56,336.371176
1.0,66,336.383589
1.0,52,336.393397
1.0,58,336.404324
1.0,54,336.414506
1.0,56,336.42501
1.0,54,336.435271
1.0,60,336.446543
1.0,52,336.456295
1.0,52,336.466025
1.0,54,336.476203
1.0,58,336.487072
1.0,54,336.497206
1.0,54,336.507331
1.0,58,336.518256
1.0,62,336.529925
1.0,54,336.540177
1.0,58,336.551136
1.0,54,336.561378
1.0,58,336.572299
1.0,62,336.58396
1.0,54,336.594086
1.0,62,336.6057
1.0,54,336.615858
1.0,60,336.627068
1.0,52,336.636929
1.0,60,336.648136
1.0,50,336.657489
1.0,52,336.667237
1.0,56,336.677695
1.0,54,336.687788
1.0,54,336.697855
1.0,58,336.708705
1.0,58,336.71953
1.0,60,336.730736
1.0,60,336.741922
1.0,56,336.752398
1.0,64,336.764332
1.0,56,336.774791
1.0,54,336.784886
1.0,60,336.79613
1.0,54,336.806215
1.0,58,336.817016
1.0,52,336.826736
1.0,58,336.837617
1.0,56,336.848223
1.0,54,336.858309
1.0,66,336.870639
1.0,64,336.882561
1.0,58,336.893466
1.0,56,336.903921
1.0,54,336.914033
1.0,64,336.925976
1.0,56,336.936434
1.0,52,336.946141
1.0,61,336.957527
1.0,58,336.968354
1.0,68,336.981124
1.0,56,336.991585
1.0,54,337.001681
1.0,54,337.011786
1.0,60,337.022993
1.0,50,337.032325
1.0,58,337.043212
1.0,52,337.052977
1.0,62,337.064506
1.0,52,337.074245
1.0,58,337.08503
1.0,58,337.095855
1.0,60,337.107025
1.0,58,337.117843
1.0,52,337.127542
1.0,56,337.137999
1.0,60,337.149212
1.0,52,337.158918
1.0,50,337.168261
1.0,56,337.178715
1.0,60,337.189885
1.0,60,337.201081
1.0,56,337.21153
1.0,57,337.222164
1.0,58,337.232975
1.0,56,337.243423
1.0,58,337.254364
1.0,60,337.265541
1.0,64,337.277497
1.0,54,337.287636
1.0,50,337.296994
1.0,60,337.308244
1.0,56,337.31869
1.0,70,337.33171
1.0,64,337.343709
1.0,52,337.353425
1.0,52,337.363137
1.0,52,337.372832
1.0,62,337.384413
1.0,60,337.395679
1.0,54,337.405758
1.0,58,337.416736
1.0,60,337.428071
1.0,60,337.43934
1.0,54,337.449458
1.0,60,337.460787
1.0,56,337.471262
1.0,60,337.482461
1.0,58,337.493289
1.0,56,337.503721
1.0,60,337.515015
1.0,54,337.525118
1.0,54,337.535197
1.0,60,337.546376
1.0,52,337.556116
1.0,52,337.565886
1.0,54,337.576002
1.0,58,337.586862
1.0,54,337.596978
1.0,56,337.607458
1.0,58,337.618337
1.0,56,337.628827
1.0,56,337.639295
1.0,56,337.649811
1.0,54,337.660066
1.0,52,337.669783
1.0,62,337.681385
1.0,58,337.692234
1.0,54,337.702328
1.0,54,337.71242
1.0,64,337.724392
1.0,52,337.734131
1.0,60,337.745357
1.0,56,337.755887
1.0,54,337.765988
1.0,60,337.777215
1.0,58,337.788062
1.0,52,337.797791
1.0,58,337.808644
1.0,58,337.819566
1.0,52,337.829305
1.0,60,337.84054
1.0,66,337.852874
1.0,54,337.863105
1.0,60,337.874322
1.0,56,337.884786
1.0,50,337.894148
1.0,62,337.905746
1.0,56,337.91622
1.0,54,337.926373
1.0,52,337.936116
1.0,58,337.94692
1.0,62,337.958496
1.0,72,337.971919
1.0,58,337.982925
1.0,70,337.995948
1.0,62,338.00751
1.0,58,338.018358
1.0,60,338.029543
1.0,60,338.040739
1.0,56,338.051221
1.0,54,338.061335
1.0,60,338.072657
1.0,54,338.082767
1.0,52,338.092492
1.0,62,338.104065
1.0,58,338.114901
1.0,58,338.12572
1.0,58,338.136541
1.0,62,338.148116
1.0,62,338.159719
1.0,70,338.172759
1.0,64,338.18476
1.0,56,338.195233
1.0,52,338.205038
1.0,56,338.215495
1.0,66,338.227811
1.0,52,338.237559
1.0,64,338.249515
1.0,54,338.259611
1.0,54,338.269828
1.0,54,338.279912
1.0,54,338.289982
1.0,66,338.302333
1.0,58,338.313205
1.0,56,338.323688
1.0,60,338.3349
1.0,60,338.346107
1.0,56,338.356565
1.0,54,338.366656
1.0,58,338.377577
1.0,64,338.38953
1.0,52,338.399268
1.0,54,338.409358
1.0,56,338.419837
1.0,58,338.43068
1.0,56,338.441166
1.0,56,338.451635
1.0,56,338.4621
1.0,54,338.472331
1.0,56,338.482778
1.0,58,338.493634
1.0,62,338.505225
1.0,56,338.515707
1.0,58,338.526534
1.0,54,338.536617
1.0,58,338.547502
1.0,56,338.557965
1.0,54,338.568067
1.0,60,338.579286
1.0,58,338.590151
1.0,58,338.600998
1.0,66,338.613346
1.0,58,338.624197
1.0,68,338.636878
1.0,56,338.647301
1.0,56,338.657779
1.0,56,338.668267
1.0,54,338.678502
1.0,62,338.690074
1.0,52,338.699809
1.0,54,338.709949
1.0,58,338.720799
1.0,56,338.731292
1.0,52,338.741033
1.0,52,338.750784
1.0,52,338.760486
1.0,64,338.772449
1.0,54,338.782556
1.0,60,338.793764
1.0,58,338.804629
1.0,52,338.81436
1.0,60,338.825643
1.0,62,338.83721
1.0,62,338.848768
1.0,52,338.858507
1.0,54,338.868604
1.0,70,338.881795
1.0,64,338.893749
1.0,58,338.90457
1.0,60,338.915754
1.0,56,338.926227
1.0,54,338.936309
1.0,58,338.947141
1.0,50,338.956504
1.0,54,338.966604
1.0,54,338.976687
1.0,56,338.98714
1.0,58,338.997985
1.0,56,339.008488
1.0,58,339.019299
1.0,52,339.02901
1.0,52,339.038721
1.0,58,339.049556
1.0,52,339.059304
1.0,64,339.071307
1.0,56,339.081833
1.0,58,339.092976
1.0,62,339.104759
1.0,60,339.116153
1.0,58,339.127174
1.0,58,339.138175
1.0,52,339.148095
1.0,54,339.158324
1.0,58,339.169327
1.0,56,339.180007
1.0,50,339.189483
1.0,58,339.200315
1.0,56,339.210763
1.0,54,339.220894
1.0,58,339.231719
1.0,60,339.242924
1.0,54,339.253029
1.0,64,339.264948
1.0,54,339.275027
1.0,56,339.285489
1.0,56,339.296081
1.0,56,339.306571
1.0,50,339.315949
1.0,54,339.326049
1.0,56,339.336527
1.0,66,339.348846
1.0,56,339.359323
1.0,58,339.370166
1.0,60,339.381365
1.0,54,339.39145
1.0,54,339.40157
1.0,66,339.413898
1.0,64,339.425873
1.0,52,339.435623
1.0,58,339.446471
1.0,52,339.456186
1.0,56,339.466672
1.0,66,339.479022
1.0,52,339.488756
1.0,58,339.499745
1.0,58,339.510591
1.0,52,339.520318
1.0,52,339.530057
1.0,78,339.544554
1.0,62,339.556105
1.0,56,339.566543
1.0,60,339.57777
1.0,60,339.588982
1.0,66,339.601296
1.0,56,339.611745
1.0,56,339.622204
1.0,50,339.631542
1.0,56,339.641986
1.0,66,339.654302
1.0,54,339.664392
1.0,64,339.6763
1.0,56,339.686751
1.0,58,339.69769
1.0,54,339.70777
1.0,62,339.719427
1.0,58,339.73024
1.0,58,339.741057
1.0,70,339.754104
1.0,66,339.766401
1.0,58,339.777237
1.0,52,339.786958
1.0,54,339.797015
1.0,56,339.807465
1.0,58,339.818288
1.0,58,339.829105
1.0,60,339.840294
1.0,62,339.851946
1.0,50,339.861286
1.0,52,339.870986
1.0,54,339.881071
1.0,54,339.891155
1.0,62,339.902849
1.0,62,339.914497
1.0,56,339.924984
1.0,56,339.935436
1.0,56,339.94594
1.0,62,339.957475
1.0,52,339.967197
1.0,54,339.977269
1.0,58,339.988083
1.0,62,339.999621
1.0,54,340.009737
1.0,54,340.019856
1.0,62,340.031419
1.0,54,340.041513
1.0,58,340.052326
1.0,52,340.062013
1.0,58,340.072874
1.0,68,340.08553
1.0,52,340.095246
1.0,58,340.106201
1.0,60,340.117404
1.0,54,340.127465
1.0,54,340.137562
1.0,52,340.147259
1.0,56,340.157716
1.0,60,340.168885
1.0,54,340.178997
1.0,60,340.190187
1.0,58,340.201073
1.0,52,340.210791
1.0,58,340.221669
1.0,60,340.232888
1.0,54,340.242995
1.0,56,340.253516
1.0,60,340.26472
1.0,58,340.275643
1.0,58,340.286488
1.0,62,340.29803
1.0,58,340.309035
1.0,54,340.319134
1.0,54,340.3292
1.0,70,340.342317
1.0,52,340.352058
1.0,64,340.364013
1.0,54,340.374127
1.0,54,340.384224
1.0,60,340.395437
1.0,58,340.406249
1.0,56,340.41675
1.0,62,340.428312
1.0,58,340.439129
1.0,54,340.449209
1.0,56,340.459669
1.0,56,340.47011
1.0,54,340.480249
1.0,54,340.490313
1.0,54,340.500393
1.0,54,340.510467
1.0,52,340.520328
1.0,56,340.530814
1.0,60,340.541973
1.0,58,340.55277
1.0,50,340.562095
1.0,52,340.571812
1.0,52,340.581511
1.0,52,340.59125
1.0,60,340.602436
1.0,54,340.612531
1.0,62,340.624102
1.0,64,340.636018
1.0,60,340.647243
1.0,54,340.657347
1.0,56,340.667801
1.0,56,340.678249
1.0,527,340.777666
1.0,58,340.788648
1.0,52,340.798441
1.0,62,340.810084
1.0,60,340.821313
1.0,52,340.831081
1.0,62,340.842686
1.0,54,340.852808
1.0,54,340.862922
1.0,59,340.874055
1.0,52,340.883834
1.0,58,340.894721
1.0,66,340.907121
1.0,62,340.918821
1.0,56,340.929478
1.0,54,340.939603
1.0,54,340.949807
1.0,56,340.960326
1.0,60,340.971575
1.0,56,340.982149
1.0,58,340.993015
1.0,56,341.003588
1.0,56,341.014083
1.0,52,341.023864
1.0,56,341.034355
1.0,56,341.044935
1.0,72,341.058576
1.0,60,341.069849
1.0,54,341.080008
1.0,56,341.090511
1.0,58,341.101373
1.0,54,341.111536
1.0,58,341.12244
1.0,58,341.133471
1.0,52,341.143239
1.0,54,341.153356
1.0,52,341.163145
1.0,62,341.174798
1.0,58,341.185686
1.0,58,341.196566
1.0,56,341.207062
1.0,62,341.218726
1.0,56,341.229242
1.0,62,341.240875
1.0,64,341.252917
1.0,54,341.263094
1.0,58,341.273959
1.0,66,341.28633
1.0,54,341.296462
1.0,50,341.305886
1.0,56,341.31649
1.0,54,341.326675
1.0,58,341.337672
1.0,54,341.347883
1.0,56,341.358386
1.0,62,341.370006
1.0,50,341.37941
1.0,62,341.391008
1.0,58,341.401881
1.0,52,341.411631
1.0,72,341.425103
1.0,62,341.436703
1.0,50,341.446082
1.0,54,341.456189
1.0,56,341.466693
1.0,52,341.476435
1.0,66,341.48879
1.0,58,341.499664
1.0,68,341.512389
1.0,58,341.523253
1.0,56,341.533881
1.0,54,341.544004
1.0,58,341.554885
1.0,56,341.565365
1.0,56,341.575846
1.0,56,341.586334
1.0,54,341.596482
1.0,52,341.606224
1.0,52,341.615989
1.0,56,341.626554
1.0,56,341.637036
1.0,56,341.64753
1.0,54,341.657636
1.0,56,341.668123
1.0,62,341.67973
1.0,58,341.690609
1.0,50,341.700007
1.0,52,341.709775
1.0,52,341.719546
1.0,52,341.729422
1.0,54,341.739782
1.0,60,341.751059
1.0,52,341.760801
1.0,64,341.772806
1.0,54,341.78296
1.0,54,341.793096
1.0,52,341.802873
1.0,54,341.813
1.0,56,341.823496
1.0,58,341.83436
1.0,58,341.845264
1.0,60,341.856522
1.0,60,341.867771
1.0,60,341.878999
1.0,56,341.889514
1.0,60,341.900754
1.0,52,341.910532
1.0,64,341.922516
1.0,58,341.933486
1.0,60,341.944902
1.0,68,341.957671
1.0,56,341.968185
1.0,66,341.980557
1.0,54,341.990722
1.0,56,342.001247
1.0,56,342.011745
1.0,52,342.021527
1.0,56,342.032056
1.0,54,342.042203
1.0,56,342.052737
1.0,56,342.063272
1.0,64,342.075297
1.0,56,342.085839
1.0,52,342.095633
1.0,62,342.107263
1.0,54,342.117426
1.0,50,342.12692
1.0,62,342.13857
1.0,56,342.149236
1.0,56,342.159746
1.0,60,342.170992
1.0,56,342.181563
1.0,66,342.193943
1.0,52,342.203725
1.0,58,342.214704
1.0,52,342.224506
1.0,56,342.23503
1.0,50,342.244429
1.0,58,342.255291
1.0,56,342.26581
1.0,60,342.277105
1.0,58,342.287989
1.0,60,342.299218
1.0,56,342.309703
1.0,58,342.320549
1.0,56,342.331041
1.0,58,342.341908
1.0,56,342.352579
1.0,60,342.363832
1.0,60,342.375137
1.0,50,342.384547
1.0,62,342.3962
1.0,52,342.406056
1.0,66,342.418481
1.0,58,342.429372
1.0,58,342.440337
1.0,64,342.452309
1.0,58,342.463212
1.0,54,342.473365
1.0,62,342.485026
1.0,52,342.494868
1.0,54,342.504996
1.0,60,342.516284
1.0,66,342.528651
1.0,52,342.538463
1.0,56,342.548976
1.0,56,342.559599
1.0,54,342.569745
1.0,66,342.582137
1.0,54,342.59239
1.0,58,342.603316
1.0,54,342.613475
1.0,58,342.62442
1.0,64,342.636514
1.0,60,342.647765
1.0,60,342.659081
1.0,60,342.670319
1.0,64,342.6823
1.0,62,342.693925
1.0,54,342.704072
1.0,56,342.714605
1.0,56,342.725251
1.0,58,342.73615
1.0,52,342.745922
1.0,56,342.756569
1.0,54,342.766711
1.0,50,342.776108
1.0,58,342.786968
1.0,68,342.799703
1.0,58,342.81061
1.0,58,342.821562
1.0,58,342.832464
1.0,54,342.842595
1.0,55,342.852915
1.0,60,342.864135
1.0,58,342.874999
1.0,58,342.885953
1.0,56,342.896487
1.0,60,342.907821
1.0,52,342.917672
1.0,62,342.92932
1.0,56,342.93992
1.0,54,342.950065
1.0,58,342.961078
1.0,52,342.970835
1.0,56,342.98132
1.0,58,342.992167
1.0,56,343.002693
1.0,52,343.01247
1.0,52,343.022228
1.0,54,343.032355
1.0,54,343.042512
1.0,58,343.053422
1.0,56,343.06389
1.0,56,343.074385
1.0,56,343.08487
1.0,58,343.09575
1.0,54,343.105869
1.0,60,343.117138
1.0,60,343.128414
1.0,54,343.138558
1.0,56,343.149137
1.0,52,343.158918
1.0,56,343.169581
1.0,58,343.180548
1.0,58,343.191498
1.0,60,343.202761
1.0,50,343.2122
1.0,60,343.223593
1.0,58,343.23457
1.0,58,343.24554
1.0,56,343.256056
1.0,52,343.265818
1.0,56,343.276323
1.0,56,343.286855
1.0,56,343.297388
1.0,56,343.307965
1.0,52,343.317708
1.0,60,343.328978
1.0,60,343.340275
1.0,58,343.35119
1.0,58,343.362097
1.0,54,343.372416
1.0,60,343.383701
1.0,54,343.393857
1.0,54,343.40404
1.0,56,343.414609
1.0,56,343.425156
1.0,60,343.43642
1.0,154,343.465645
1.0,72,343.479207
1.0,64,343.491194
1.0,62,343.502822
1.0,62,343.514448
1.0,58,343.525408
1.0,52,343.535261
1.0,63,343.547098
1.0,60,343.558422
1.0,62,343.570098
1.0,52,343.580102
1.0,64,343.592124
1.0,54,343.602285
1.0,56,343.612904
1.0,56,343.623435
1.0,56,343.633944
1.0,58,343.644825
1.0,58,343.655723
1.0,66,343.668118
1.0,58,343.679024
1.0,64,343.691074
1.0,52,343.70088
1.0,58,343.711785
1.0,52,343.721565
1.0,52,343.731351
1.0,58,343.742266
1.0,52,343.752051
1.0,60,343.76333
1.0,60,343.774605
1.0,54,343.784934
1.0,62,343.796581
1.0,52,343.806426
1.0,54,343.816594
1.0,58,343.827504
1.0,56,343.838063
1.0,60,343.849338
1.0,50,343.858771
1.0,58,343.869676
1.0,58,343.880573
1.0,56,343.891128
1.0,58,343.902049
1.0,52,343.911831
1.0,58,343.922808
1.0,56,343.933346
1.0,58,343.944321
1.0,62,343.956062
1.0,68,343.968875
1.0,56,343.979574
1.0,60,343.990875
1.0,62,344.00249
1.0,58,344.013367
1.0,56,344.023862
1.0,72,344.037331
1.0,64,344.049361
1.0,52,344.059154
1.0,62,344.070822
1.0,55,344.081156
1.0,64,344.093286
1.0,62,344.104986
1.0,58,344.115973
1.0,54,344.126141
1.0,64,344.138156
1.0,56,344.148754
1.0,74,344.162661
1.0,56,344.173204
1.0,58,344.184257
1.0,54,344.194407
1.0,62,344.206051
1.0,54,344.216213
1.0,52,344.226003
1.0,60,344.23727
1.0,60,344.248555
1.0,52,344.258336
1.0,58,344.26928
1.0,58,344.280211
1.0,60,344.291538
1.0,56,344.30209
1.0,54,344.312251
1.0,58,344.323147
1.0,50,344.332556
1.0,52,344.342341
1.0,64,344.354352
1.0,62,344.36597
1.0,60,344.377201
1.0,54,344.387538
1.0,58,344.39854
1.0,54,344.408753
1.0,56,344.419331
1.0,54,344.429505
1.0,56,344.440027
1.0,60,344.451285
1.0,50,344.460697
1.0,60,344.471959
1.0,52,344.481757
1.0,60,344.493025
1.0,52,344.502813
1.0,56,344.513324
1.0,54,344.523476
1.0,55,344.533822
1.0,62,344.545477
1.0,62,344.5571
1.0,54,344.567231
1.0,50,344.576627
1.0,57,344.587347
1.0,60,344.598697
1.0,58,344.609573
1.0,58,344.620467
1.0,58,344.631352
1.0,52,344.641118
1.0,60,344.652362
1.0,56,344.662879
1.0,52,344.672644
1.0,56,344.683152
1.0,64,344.695141
1.0,56,344.705637
1.0,58,344.716536
1.0,54,344.726671
1.0,56,344.737195
1.0,54,344.747337
1.0,58,344.758219
1.0,54,344.768366
1.0,56,344.778942
1.0,58,344.789824
1.0,50,344.799372
1.0,50,344.80876
1.0,56,344.81928
1.0,72,344.83276
1.0,58,344.84371
1.0,58,344.854615
1.0,59,344.865686
1.0,52,344.875444
1.0,62,344.887048
1.0,56,344.897557
1.0,58,344.908443
1.0,54,344.918631
1.0,62,344.930293
1.0,54,344.94041
1.0,60,344.952165
1.0,58,344.963104
1.0,58,344.973956
1.0,58,344.984858
1.0,60,344.996079
1.0,58,345.007112
1.0,56,345.017657
1.0,70,345.030792
1.0,56,345.041296
1.0,62,345.052905
1.0,58,345.063733
1.0,64,345.075784
1.0,58,345.086659
1.0,56,345.097156
1.0,66,345.109501
1.0,56,345.119999
1.0,56,345.13049
1.0,60,345.141757
1.0,62,345.153357
1.0,56,345.16385
1.0,54,345.173971
1.0,52,345.183723
1.0,68,345.196474
1.0,56,345.20714
1.0,56,345.217657
1.0,52,345.227396
1.0,62,345.238986
1.0,58,345.249844
1.0,56,345.260393
1.0,54,345.270491
1.0,52,345.280242
1.0,54,345.290385
1.0,58,345.301309
1.0,56,345.311794
1.0,52,345.321598
1.0,50,345.331004
1.0,52,345.340754
1.0,52,345.350524
1.0,54,345.360654
1.0,56,345.371182
1.0,60,345.38241
1.0,58,345.393276
1.0,52,345.403022
1.0,50,345.412575
1.0,58,345.423461
1.0,58,345.434322
1.0,64,345.446284
1.0,56,345.456743
1.0,52,345.466499
1.0,56,345.476957
1.0,56,345.487448
1.0,58,345.498389
1.0,56,345.508885
1.0,58,345.519728
1.0,68,345.532409
1.0,60,345.543626
1.0,56,345.554111
1.0,56,345.564582
1.0,62,345.576178
1.0,52,345.585913
1.0,54,345.596023
1.0,54,345.606139
1.0,66,345.618703
1.0,58,345.629634
1.0,60,345.640876
1.0,52,345.650602
1.0,54,345.660702
1.0,58,345.671568
1.0,60,345.68278
1.0,52,345.692508
1.0,58,345.703383
1.0,62,345.714973
1.0,56,345.725481
1.0,62,345.73707
1.0,56,345.747551
1.0,60,345.758746
1.0,54,345.768855
1.0,52,345.778602
1.0,60,345.789799
1.0,62,345.801647
1.0,52,345.811388
1.0,58,345.822376
1.0,66,345.834739
1.0,64,345.846709
1.0,52,345.856527
1.0,52,345.866282
1.0,54,345.876405
1.0,54,345.886533
1.0,58,345.897373
1.0,54,345.907505
1.0,54,345.917591
1.0,58,345.928437
1.0,56,345.938921
1.0,54,345.949047
1.0,56,345.959531
1.0,56,345.970021
1.0,60,345.981232
1.0,62,345.992831
1.0,62,346.004397
1.0,56,346.014898
1.0,64,346.027037
1.0,56,346.037555
1.0,66,346.049857
1.0,54,346.059964
1.0,58,346.070829
1.0,56,346.081388
1.0,58,346.092245
1.0,60,346.103469
1.0,62,346.11506
1.0,54,346.125172
1.0,64,346.137172
1.0,54,346.147263
1.0,56,346.157737
1.0,56,346.168226
1.0,60,346.17941
1.0,58,346.190285
1.0,62,346.201891
1.0,58,346.212743
1.0,58,346.22375
1.0,58,346.234615
1.0,52,346.244427
1.0,60,346.25567
1.0,64,346.267597
1.0,60,346.278862
1.0,56,346.289328
1.0,64,346.301308
1.0,54,346.311416
1.0,52,346.321159
1.0,52,346.330917
1.0,66,346.343237
1.0,54,346.353354
1.0,54,346.363461
1.0,56,346.373971
1.0,60,346.385196
1.0,52,346.394945
1.0,58,346.405787
1.0,56,346.416364
1.0,58,346.427305
1.0,54,346.437428
1.0,58,346.448282
1.0,58,346.459123
1.0,50,346.468558
1.0,58,346.479384
1.0,58,346.49023
1.0,60,346.501434
1.0,64,346.513382
1.0,60,346.524641
1.0,56,346.535111
1.0,56,346.545562
1.0,52,346.555262
1.0,52,346.564985
1.0,52,346.574741
1.0,60,346.585947
1.0,64,346.59792
1.0,58,346.608768
1.0,54,346.618881
1.0,62,346.630475
1.0,58,346.641533
1.0,60,346.652782
1.0,58,346.663598
1.0,64,346.675549
1.0,52,346.685285
1.0,54,346.695461
1.0,54,346.705565
1.0,62,346.717146
1.0,58,346.727983
1.0,52,346.737736
1.0,56,346.74823
1.0,62,346.759815
1.0,60,346.771047
1.0,60,346.782241
1.0,50,346.791595
1.0,60,346.802829
1.0,54,346.812951
1.0,70,346.826016
1.0,56,346.836664
1.0,58,346.84754
1.0,60,346.858808
1.0,52,346.868575
1.0,56,346.879067
1.0,54,346.889182
1.0,52,346.898925
1.0,54,346.909034
1.0,50,346.918473
1.0,54,346.928579
1.0,60,346.93984
1.0,58,346.950721
1.0,62,346.962316
1.0,50,346.9717
1.0,58,346.982644
1.0,64,346.99468
1.0,62,347.006331
1.0,58,347.017267
1.0,50,347.026734
1.0,56,347.037303
1.0,62,347.049137
1.0,62,347.060804
1.0,52,347.070583
1.0,52,347.080703
1.0,58,347.091636
1.0,52,347.10151
1.0,54,347.111705
1.0,50,347.121176
1.0,50,347.130644
1.0,58,347.141514
1.0,64,347.153578
1.0,54,347.163782
1.0,60,347.175033
1.0,52,347.184795
1.0,58,347.19574
1.0,60,347.207009
1.0,66,347.219343
1.0,54,347.229501
1.0,64,347.241498
1.0,56,347.252098
1.0,64,347.264073
1.0,62,347.275847
1.0,54,347.286524
1.0,64,347.298876
1.0,60,347.310445
1.0,58,347.321669
1.0,54,347.332188
1.0,60,347.343616
1.0,56,347.354201
1.0,54,347.364444
1.0,52,347.374317
1.0,54,347.384447
1.0,60,347.39565
1.0,52,347.405397
1.0,66,347.417784
1.0,54,347.42792
1.0,56,347.438407
1.0,56,347.449015
1.0,58,347.459843
1.0,50,347.469224
1.0,56,347.479701
1.0,62,347.491323
1.0,54,347.501419
1.0,62,347.513017
1.0,58,347.523886
1.0,52,347.533639
1.0,52,347.543365
1.0,66,347.555699
1.0,60,347.566932
1.0,58,347.577786
1.0,64,347.589752
1.0,54,347.599866
1.0,52,347.609586
1.0,52,347.619352
1.0,64,347.631327
1.0,58,347.642142
1.0,58,347.653123
1.0,64,347.665075
1.0,58,347.675906
1.0,54,347.686013
1.0,62,347.69759
1.0,52,347.707333
1.0,66,347.719674
1.0,52,347.729398
1.0,54,347.739508
1.0,54,347.749618
1.0,60,347.76082
1.0,54,347.770924
1.0,56,347.781353
1.0,56,347.791808
1.0,58,347.802672
1.0,58,347.813495
1.0,60,347.824693
1.0,56,347.835173
1.0,56,347.845625
1.0,60,347.856982
1.0,54,347.867075
1.0,52,347.876845
1.0,54,347.886955
1.0,58,347.897776
1.0,58,347.908606
1.0,58,347.91946
1.0,54,347.929564
1.0,58,347.940415
1.0,66,347.952757
1.0,52,347.962495
1.0,54,347.972626
1.0,60,347.98384
1.0,54,347.993945
1.0,56,348.004431
1.0,56,348.014909
1.0,56,348.025365
1.0,52,348.035074
1.0,58,348.045901
1.0,50,348.055274
1.0,58,348.066222
1.0,52,348.075949
1.0,60,348.087127
1.0,54,348.097197
1.0,54,348.107278
1.0,56,348.117741
1.0,64,348.129728
1.0,62,348.1413
1.0,62,348.152861
1.0,66,348.165185
1.0,60,348.176404
1.0,62,348.188168
1.0,52,348.197966
1.0,56,348.208529
1.0,56,348.219068
1.0,56,348.229672
1.0,56,348.240207
1.0,64,348.252206
1.0,52,348.262026
1.0,58,348.27303
1.0,58,348.283884
1.0,60,348.295146
1.0,62,348.306737
1.0,52,348.316471
1.0,52,348.32623
1.0,64,348.338145
1.0,54,348.348261
1.0,52,348.357975
1.0,56,348.368455
1.0,54,348.378569
1.0,60,348.389801
1.0,54,348.399908
1.0,64,348.411894
1.0,60,348.4231
1.0,64,348.435034
1.0,64,348.446958
1.0,60,348.458189
1.0,56,348.468802
1.0,56,348.479281
1.0,62,348.490936
1.0,58,348.501813
1.0,50,348.511255
1.0,54,348.521361
1.0,58,348.532204
1.0,58,348.543054
1.0,58,348.553928
1.0,54,348.564046
1.0,56,348.574536
1.0,58,348.585362
1.0,54,348.595489
1.0,54,348.605611
1.0,56,348.61614
1.0,50,348.625523
1.0,60,348.636784
1.0,56,348.647281
1.0,58,348.658181
1.0,62,348.669785
1.0,62,348.681539
1.0,58,348.692384
1.0,58,348.703225
1.0,52,348.712981
1.0,58,348.723812
1.0,56,348.73431
1.0,54,348.744396
1.0,56,348.754864
1.0,52,348.764572
1.0,54,348.774698
1.0,58,348.78561
1.0,52,348.795402
1.0,54,348.805559
1.0,60,348.816885
1.0,60,348.828139
1.0,66,348.840524
1.0,58,348.8514
1.0,56,348.861884
1.0,58,348.872757
1.0,56,348.883376
1.0,58,348.89425
1.0,56,348.904706
1.0,54,348.914844
1.0,54,348.924946
1.0,58,348.935842
1.0,58,348.946717
1.0,64,348.958698
1.0,56,348.969192
1.0,50,348.978563
1.0,54,348.988728
1.0,50,348.9981
1.0,62,349.009693
1.0,54,349.019795
1.0,58,349.030675
1.0,50,349.04003
1.0,58,349.050881
1.0,54,349.06103
1.0,56,349.071539
1.0,56,349.082189
1.0,56,349.092709
1.0,58,349.103625
1.0,54,349.113755
1.0,62,349.125372
1.0,64,349.13736
1.0,62,349.149034
1.0,56,349.159515
1.0,60,349.170759
1.0,54,349.180885
1.0,58,349.191749
1.0,58,349.202588
1.0,68,349.21527
1.0,58,349.226081
1.0,62,349.237625
1.0,64,349.249709
1.0,50,349.259056
1.0,58,349.269855
1.0,54,349.279943
1.0,54,349.290173
1.0,52,349.299876
1.0,60,349.311054
1.0,54,349.321119
1.0,50,349.330475
1.0,52,349.340178
1.0,60,349.351357
1.0,64,349.363258
1.0,50,349.372602
1.0,60,349.383815
1.0,62,349.395417
1.0,54,349.405496
1.0,62,349.417067
1.0,66,349.429371
1.0,66,349.441678
1.0,60,349.452895
1.0,52,349.462603
1.0,54,349.472668
1.0,58,349.483485
1.0,60,349.494786
1.0,58,349.505607
1.0,56,349.516065
1.0,66,349.528386
1.0,52,349.538084
1.0,66,349.550381
1.0,54,349.560466
1.0,56,349.570902
1.0,50,349.58024
1.0,56,349.59069
1.0,58,349.601497
1.0,62,349.613046
1.0,60,349.624243
1.0,60,349.63543
1.0,68,349.648068
1.0,66,349.660354
1.0,64,349.672237
1.0,54,349.682309
1.0,56,349.692882
1.0,54,349.702991
1.0,54,349.713078
1.0,62,349.724634
1.0,56,349.735063
1.0,60,349.746237
1.0,56,349.756665
1.0,50,349.766001
1.0,58,349.776783
1.0,60,349.787997
1.0,60,349.7992
1.0,58,349.810029
1.0,58,349.820814
1.0,62,349.832388
1.0,60,349.843649
1.0,64,349.855593
1.0,54,349.865722
1.0,50,349.87509
1.0,62,349.886757
1.0,54,349.897012
1.0,54,349.90721
1.0,54,349.917303
1.0,58,349.928133
1.0,54,349.938229
1.0,62,349.949869
1.0,54,349.959961
1.0,50,349.969305
1.0,62,349.980926
1.0,54,349.990993
1.0,64,350.003016
1.0,54,350.013111
1.0,56,350.023587
1.0,62,350.035157
1.0,52,350.044886
1.0,60,350.056094
1.0,66,350.068437
1.0,58,350.079263
1.0,62,350.090834
1.0,52,350.100681
1.0,54,350.110764
1.0,60,350.121974
1.0,58,350.132786
1.0,52,350.142499
1.0,52,350.152217
1.0,56,350.16268
1.0,58,350.173511
1.0,54,350.183606
1.0,54,350.193697
1.0,60,350.204901
1.0,50,350.214306
1.0,60,350.225525
1.0,60,350.236759
1.0,58,350.247588
1.0,56,350.258039
1.0,68,350.270728
1.0,52,350.280477
1.0,58,350.291351
1.0,58,350.302209
1.0,58,350.313159
1.0,54,350.32325
1.0,58,350.334073
1.0,66,350.34641
1.0,60,350.357639
1.0,60,350.368849
1.0,62,350.380501
1.0,54,350.390634
1.0,64,350.402607
1.0,54,350.412735
1.0,54,350.422815
1.0,62,350.43442
1.0,56,350.44492
1.0,62,350.456523
1.0,62,350.468108
1.0,62,350.479675
1.0,56,350.490114
1.0,62,350.501734
1.0,58,350.512678
1.0,54,350.522846
1.0,56,350.533314
1.0,58,350.544145
1.0,52,350.553864
1.0,50,350.563231
1.0,60,350.574412
1.0,56,350.584887
1.0,62,350.596477
1.0,70,350.609534
1.0,59,350.620571
1.0,58,350.631401
1.0,54,350.641531
1.0,58,350.652431
1.0,50,350.661815
1.0,66,350.674154
1.0,68,350.686899
1.0,54,350.697067
1.0,58,350.707976
1.0,54,350.718207
1.0,58,350.729033
1.0,58,350.739879
1.0,54,350.750022
1.0,54,350.760142
1.0,62,350.771721
1.0,56,350.782187
1.0,58,350.793028
1.0,58,350.803859
1.0,56,350.814296
1.0,54,350.824386
1.0,58,350.835223
1.0,58,350.846054
1.0,56,350.856525
1.0,54,350.866624
1.0,52,350.876316
1.0,52,350.886022
1.0,64,350.897954
1.0,58,350.908792
1.0,56,350.919371
1.0,60,350.930576
1.0,72,350.944002
1.0,66,350.956322
1.0,54,350.966434
1.0,54,350.97654
1.0,50,350.985885
1.0,54,350.995978
1.0,56,351.006425
1.0,58,351.017281
1.0,58,351.028147
1.0,56,351.038648
1.0,56,351.049135
1.0,60,351.060362
1.0,58,351.071186
1.0,62,351.082818
1.0,62,351.094405
1.0,60,351.105621
1.0,54,351.115834
1.0,56,351.126438
1.0,56,351.136891
1.0,52,351.146637
1.0,56,351.157116
1.0,54,351.167209
1.0,56,351.177668
1.0,58,351.188508
1.0,60,351.199732
1.0,56,351.210182
1.0,54,351.220309
1.0,52,351.230041
1.0,62,351.241609
1.0,66,351.253931
1.0,58,351.264775
1.0,54,351.274894
1.0,60,351.28613
1.0,58,351.29694
1.0,60,351.308166
1.0,54,351.318287
1.0,58,351.329277
1.0,56,351.339762
1.0,62,351.351361
1.0,56,351.361866
1.0,64,351.373852
1.0,60,351.385076
1.0,54,351.395146
1.0,54,351.405258
1.0,54,351.415407
1.0,50,351.424776
1.0,58,351.435614
1.0,62,351.447215
1.0,60,351.458425
1.0,56,351.468913
1.0,56,351.479379
1.0,62,351.490985
1.0,62,351.502562
1.0,50,351.511904
1.0,58,351.522738
1.0,54,351.532954
1.0,54,351.543007
1.0,56,351.553474
1.0,56,351.563962
1.0,56,351.574421
1.0,62,351.586011
1.0,60,351.59729
1.0,60,351.608476
1.0,60,351.619695
1.0,54,351.629761
1.0,60,351.640995
1.0,66,351.653301
1.0,54,351.663406
1.0,58,351.674247
1.0,58,351.685096
1.0,52,351.694819
1.0,60,351.706028
1.0,64,351.717982
1.0,56,351.728476
1.0,56,351.739072
1.0,52,351.748797
1.0,60,351.759983
1.0,52,351.769713
1.0,66,351.78201
1.0,62,351.793592
1.0,60,351.805072
1.0,52,351.814817
1.0,58,351.82565
1.0,64,351.837582
1.0,58,351.848376
1.0,54,351.858492
1.0,52,351.86821
1.0,60,351.879444
1.0,60,351.890638
1.0,69,351.903568
1.0,50,351.912947
1.0,64,351.924922
1.0,52,351.934678
1.0,60,351.946069
1.0,56,351.956841
1.0,62,351.968465
1.0,60,351.979676
1.0,56,351.990155
1.0,52,351.999862
1.0,56,352.010352
1.0,58,352.021199
1.0,58,352.032055
1.0,56,352.042522
1.0,58,352.053327
1.0,60,352.064549
1.0,56,352.075026
1.0,54,352.08508
1.0,54,352.095161
1.0,64,352.107136
1.0,58,352.117969
1.0,50,352.127337
1.0,52,352.137085
1.0,56,352.147667
1.0,54,352.157749
1.0,52,352.167485
1.0,60,352.178696
1.0,58,352.18952
1.0,56,352.2
1.0,54,352.210087
1.0,58,352.220901
1.0,54,352.230972
1.0,54,352.241098
1.0,54,352.251188
1.0,52,352.260908
1.0,58,352.271735
1.0,60,352.28296
1.0,58,352.293788
1.0,56,352.304227
1.0,62,352.315819
1.0,52,352.325535
1.0,58,352.336391
1.0,56,352.346994
1.0,58,352.357809
1.0,58,352.368642
1.0,54,352.378732
1.0,56,352.389213
1.0,52,352.39891
1.0,62,352.410482
1.0,64,352.422395
1.0,56,352.432872
1.0,54,352.442972
1.0,58,352.45381
1.0,54,352.463906
1.0,52,352.473643
1.0,58,352.484478
1.0,56,352.494976
1.0,58,352.5058
1.0,58,352.516649
1.0,60,352.527877
1.0,58,352.538701
1.0,54,352.548882
1.0,54,352.55899
1.0,60,352.57018
1.0,56,352.580629
1.0,54,352.590693
1.0,60,352.601848
1.0,62,352.613397
1.0,52,352.623126
1.0,60,352.634338
1.0,50,352.643675
1.0,58,352.654522
1.0,54,352.664615
1.0,58,352.67546
1.0,58,352.686333
1.0,58,352.697196
1.0,56,352.7077
1.0,54,352.717807
1.0,58,352.728651
1.0,56,352.739174
1.0,60,352.750377
1.0,54,352.760594
1.0,54,352.770696
1.0,54,352.780802
1.0,50,352.790166
1.0,56,352.800683
1.0,54,352.810765
1.0,52,352.820509
1.0,58,352.831357
1.0,64,352.843315
1.0,56,352.853737
1.0,52,352.86347
1.0,52,352.873191
1.0,56,352.883631
1.0,60,352.894808
1.0,56,352.905271
1.0,52,352.915029
1.0,56,352.925449
1.0,54,352.935532
1.0,54,352.945623
1.0,54,352.955851
1.0,54,352.96597
1.0,68,352.978638
1.0,74,352.992547
1.0,58,353.003396
1.0,56,353.013833
1.0,58,353.02471
1.0,54,353.034821
1.0,58,353.045633
1.0,58,353.056458
1.0,64,353.068403
1.0,54,353.078497
1.0,56,353.088941
1.0,54,353.099058
1.0,58,353.10986
1.0,58,353.120692
1.0,64,353.132634
1.0,52,353.142344
1.0,62,353.153902
1.0,62,353.165601
1.0,54,353.175681
1.0,58,353.186519
1.0,62,353.198147
1.0,56,353.208612
1.0,56,353.219069
1.0,58,353.229884
1.0,70,353.242957
1.0,58,353.25378
1.0,50,353.263141
1.0,50,353.27249
1.0,56,353.282969
1.0,56,353.293437
1.0,52,353.305773
1.0,56,353.316975
1.0,52,353.326814
1.0,54,353.336967
1.0,52,353.346728
1.0,62,353.358402
1.0,62,353.370214
1.0,62,353.381995
1.0,56,353.392554
1.0,56,353.403131
1.0,56,353.413746
1.0,54,353.42395
1.0,56,353.434469
1.0,62,353.446106
1.0,56,353.456626
1.0,50,353.466044
1.0,58,353.477039
1.0,64,353.489127
1.0,56,353.499728
1.0,58,353.510646
1.0,58,353.521548
1.0,56,353.532149
1.0,54,353.5423
1.0,54,353.552403
1.0,62,353.564012
1.0,56,353.574631
1.0,52,353.584444
1.0,56,353.594915
1.0,52,353.604646
1.0,56,353.615111
1.0,56,353.625555
1.0,54,353.635688
1.0,54,353.645759
1.0,56,353.656222
1.0,58,353.667045
1.0,62,353.678637
1.0,54,353.688707
1.0,56,353.699186
1.0,58,353.710017
1.0,54,353.72009
1.0,60,353.731258
1.0,58,353.742069
1.0,52,353.751856
1.0,50,353.761207
1.0,56,353.771823
1.0,66,353.7842
1.0,66,353.796528
1.0,58,353.807425
1.0,62,353.819
1.0,52,353.828784
1.0,58,353.839656
1.0,52,353.849405
1.0,52,353.859169
1.0,62,353.870782
1.0,60,353.881976
1.0,56,353.892431
1.0,60,353.903626
1.0,56,353.914078
1.0,62,353.925749
1.0,52,353.935495
1.0,62,353.947077
1.0,56,353.957498
1.0,64,353.969466
1.0,62,353.981234
1.0,60,353.992431
1.0,52,354.002148
1.0,70,354.015226
1.0,54,354.025288
1.0,56,354.035756
1.0,58,354.046584
1.0,58,354.057463
1.0,54,354.067583
1.0,62,354.079199
1.0,56,354.089681
1.0,58,354.100513
1.0,58,354.111385
1.0,58,354.122252
1.0,66,354.134633
1.0,62,354.146268
1.0,66,354.158595
1.0,56,354.169114
1.0,52,354.17885
1.0,58,354.189838
1.0,58,354.200706
1.0,58,354.211542
1.0,60,354.222739
1.0,58,354.233585
1.0,60,354.244843
1.0,60,354.25603
1.0,54,354.266145
1.0,52,354.275884
1.0,62,354.287485
1.0,54,354.297604
1.0,58,354.308492
1.0,52,354.31826
1.0,56,354.328766
1.0,64,354.340751
1.0,60,354.352021
1.0,54,354.362134
1.0,58,354.373054
1.0,58,354.383952
1.0,62,354.395729
1.0,72,354.40922
1.0,50,354.418646
1.0,60,354.429816
1.0,56,354.440391
1.0,62,354.451992
1.0,58,354.46287
1.0,50,354.472232
1.0,54,354.482422
1.0,56,354.492969
1.0,62,354.50464
1.0,60,354.51593
1.0,58,354.526835
1.0,52,354.536614
1.0,56,354.54707
1.0,56,354.557562
1.0,54,354.567672
1.0,54,354.577775
1.0,52,354.587576
1.0,54,354.597808
1.0,52,354.607559
1.0,56,354.61802
1.0,62,354.629631
1.0,56,354.64015
1.0,56,354.650702
1.0,64,354.662709
1.0,54,354.672794
1.0,66,354.685089
1.0,64,354.697031
1.0,56,354.707631
1.0,52,354.717377
1.0,56,354.72792
1.0,56,354.738378
1.0,54,354.748461
1.0,60,354.759681
1.0,60,354.770878
1.0,54,354.780969
1.0,56,354.791433
1.0,60,354.802749
1.0,56,354.813249
1.0,60,354.824455
1.0,54,354.834557
1.0,62,354.84613
1.0,68,354.858793
1.0,54,354.869132
1.0,56,354.879697
1.0,54,354.889853
1.0,64,354.901828
1.0,52,354.911569
1.0,60,354.922791
1.0,62,354.934396
1.0,58,354.945243
1.0,62,354.956806
1.0,54,354.966909
1.0,58,354.97775
1.0,56,354.98825
1.0,58,354.999132
1.0,54,355.009291
1.0,56,355.019776
1.0,56,355.030251
1.0,56,355.040736
1.0,70,355.053829
1.0,62,355.065433
1.0,54,355.07558
1.0,58,355.08646
1.0,54,355.096559
1.0,62,355.108154
1.0,58,355.119028
1.0,58,355.129856
1.0,56,355.140334
1.0,56,355.150794
1.0,54,355.160915
1.0,56,355.171365
1.0,68,355.184129
1.0,52,355.193875
1.0,70,355.207127
1.0,70,355.220181
1.0,68,355.232874
1.0,52,355.242577
1.0,58,355.253423
1.0,60,355.264633
1.0,60,355.275851
1.0,52,355.28557
1.0,56,355.296059
1.0,62,355.307657
1.0,64,355.319681
1.0,64,355.331711
1.0,58,355.342613
1.0,54,355.352757
1.0,58,355.363647
1.0,56,355.374106
1.0,58,355.384958
1.0,56,355.395432
1.0,56,355.405902
1.0,58,355.416949
1.0,58,355.427898
1.0,60,355.439119
1.0,52,355.448881
1.0,54,355.458961
1.0,52,355.468693
1.0,52,355.4784
1.0,62,355.489967
1.0,58,355.500804
1.0,56,355.511261
1.0,64,355.523209
1.0,58,355.534053
1.0,58,355.544911
1.0,58,355.555788
1.0,54,355.56588
1.0,54,355.57598
1.0,54,355.58605
1.0,58,355.596905
1.0,54,355.606985
1.0,52,355.616858
1.0,52,355.626591
1.0,56,355.637078
1.0,60,355.648274
1.0,60,355.659495
1.0,59,355.670512
1.0,54,355.680624
1.0,60,355.691881
1.0,50,355.701267
1.0,56,355.711777
1.0,54,355.721933
1.0,56,355.732429
1.0,60,355.743632
1.0,60,355.754844
1.0,52,355.764594
1.0,54,355.774697
1.0,54,355.784804
1.0,54,355.794892
1.0,56,355.805363
1.0,56,355.815955
1.0,56,355.826398
1.0,54,355.836511
1.0,66,355.848854
1.0,54,355.858958
1.0,52,355.868709
1.0,56,355.879182
1.0,56,355.88967
1.0,60,355.900874
1.0,54,355.910946
1.0,56,355.921423
1.0,54,355.931524
1.0,60,355.942739
1.0,60,355.953933
1.0,54,355.964005
1.0,52,355.973706
1.0,56,355.984151
1.0,62,355.995753
1.0,58,356.006591
1.0,56,356.017086
1.0,58,356.028101
1.0,56,356.038585
1.0,58,356.049416
1.0,56,356.059874
1.0,54,356.069963
1.0,64,356.08189
1.0,56,356.092363
1.0,56,356.102838
1.0,52,356.112555
1.0,66,356.124836
1.0,56,356.135324
1.0,60,356.146485
1.0,50,356.15581
1.0,68,356.168471
1.0,60,356.179667
1.0,60,356.190883
1.0,56,356.201333
1.0,61,356.212717
1.0,56,356.223234
1.0,54,356.233391
1.0,58,356.244232
1.0,62,356.255776
1.0,52,356.265491
1.0,56,356.275939
1.0,54,356.28603
1.0,58,356.296877
1.0,68,356.30954
1.0,56,356.320009
1.0,60,356.331219
1.0,56,356.341659
1.0,54,356.351742
1.0,56,356.36219
1.0,56,356.372652
1.0,64,356.384576
1.0,58,356.395417
1.0,56,356.405852
1.0,52,356.415602
1.0,60,356.426877
1.0,54,356.437099
1.0,56,356.447553
1.0,58,356.458379
1.0,56,356.46885
1.0,64,356.480789
1.0,52,356.490541
1.0,56,356.500979
1.0,64,356.512935
1.0,56,356.523397
1.0,54,356.533485
1.0,60,356.544668
1.0,56,356.555139
1.0,62,356.566724
1.0,58,356.577601
1.0,56,356.588116
1.0,60,356.599372
1.0,60,356.610622
1.0,62,356.622233
1.0,56,356.632959
1.0,62,356.644565
1.0,54,356.65468
1.0,60,356.665929
1.0,62,356.677504
1.0,64,356.689472
1.0,52,356.699183
1.0,56,356.709634
1.0,60,356.720841
1.0,54,356.730905
1.0,54,356.741122
1.0,54,356.75124
1.0,60,356.762458
1.0,50,356.771815
1.0,56,356.782285
1.0,56,356.792741
1.0,52,356.802451
1.0,60,356.813601
1.0,58,356.824435
1.0,52,356.834151
1.0,58,356.845084
1.0,56,356.85556
1.0,56,356.866009
1.0,56,356.876441
1.0,52,356.886147
1.0,58,356.896965
1.0,52,356.906676
1.0,54,356.916764
1.0,60,356.927953
1.0,54,356.938028
1.0,52,356.947745
1.0,58,356.958553
1.0,50,356.967878
1.0,62,356.979441
1.0,58,356.99025
1.0,64,357.002142
1.0,56,357.012578
1.0,52,357.022291
1.0,50,357.031625
1.0,54,357.041811
1.0,56,357.052276
1.0,58,357.063122
1.0,62,357.074678
1.0,52,357.084417
1.0,60,357.095613
1.0,54,357.105709
1.0,50,357.115072
1.0,56,357.125536
1.0,50,357.13487
1.0,60,357.146055
1.0,52,357.155777
1.0,52,357.165508
1.0,56,357.175936
1.0,56,357.18635
1.0,54,357.196434
1.0,64,357.208354
1.0,58,357.219156
1.0,54,357.229239
1.0,58,357.240062
1.0,58,357.251028
1.0,56,357.261453
1.0,56,357.271908
1.0,52,357.281593
1.0,54,357.291678
1.0,62,357.303231
1.0,56,357.313658
1.0,54,357.323726
1.0,54,357.333803
1.0,60,357.344991
1.0,56,357.355406
1.0,64,357.367319
1.0,60,357.378551
1.0,60,357.389752
1.0,62,357.401331
1.0,60,357.412583
1.0,54,357.422732
1.0,60,357.433954
1.0,56,357.444521
1.0,66,357.457043
1.0,56,357.467578
1.0,64,357.479605
1.0,50,357.489069
1.0,64,357.501137
1.0,58,357.512049
1.0,64,357.524073
1.0,64,357.536129
1.0,58,357.547008
1.0,58,357.557936
1.0,58,357.568859
1.0,58,357.579778
1.0,60,357.59106
1.0,56,357.60159
1.0,52,357.611348
1.0,50,357.620748
1.0,56,357.631303
1.0,62,357.642947
1.0,52,357.652846
1.0,58,357.663708
1.0,58,357.674601
1.0,68,357.687283
1.0,56,357.697747
1.0,52,357.707449
1.0,76,357.721654
1.0,64,357.733612
1.0,56,357.744083
1.0,54,357.754178
1.0,52,357.7639
1.0,52,357.773628
1.0,60,357.784884
1.0,52,357.794563
1.0,54,357.804657
1.0,58,357.815522
1.0,50,357.824852
1.0,56,357.835351
1.0,56,357.845834
1.0,60,357.857178
1.0,52,357.866935
1.0,54,357.877054
1.0,66,357.889391
1.0,60,357.900687
1.0,58,357.911543
1.0,64,357.923508
1.0,52,357.933235
1.0,54,357.943385
1.0,60,357.954652
1.0,58,357.965483
1.0,52,357.975262
1.0,64,357.987166
1.0,52,357.996922
1.0,58,358.007852
1.0,64,358.019836
1.0,56,358.030374
1.0,52,358.040205
1.0,56,358.050743
1.0,56,358.061433
1.0,62,358.07306
1.0,72,358.086531
1.0,52,358.096318
1.0,52,358.106107
1.0,60,358.117471
1.0,60,358.128739
1.0,54,358.138921
1.0,60,358.150147
1.0,56,358.16067
1.0,52,358.170426
1.0,56,358.180946
1.0,60,358.192166
1.0,60,358.203373
1.0,62,358.21494
1.0,60,358.22619
1.0,60,358.237515
1.0,56,358.248018
1.0,52,358.257756
1.0,58,358.268763
1.0,58,358.279634
1.0,56,358.290102
1.0,60,358.301316
1.0,50,358.310679
1.0,56,358.321171
1.0,54,358.331241
1.0,52,358.341016
1.0,66,358.353455
1.0,52,358.363185
1.0,56,358.373655
1.0,64,358.385589
1.0,54,358.395707
1.0,58,358.406549
1.0,58,358.417435
1.0,56,358.427964
1.0,54,358.438119
1.0,58,358.448979
1.0,52,358.458732
1.0,62,358.470469
1.0,56,358.480956
1.0,58,358.491784
1.0,60,358.502983
1.0,54,358.51311
1.0,66,358.525466
1.0,58,358.536381
1.0,50,358.545763
1.0,58,358.556602
1.0,60,358.56782
1.0,64,358.579786
1.0,52,358.589517
1.0,52,358.599245
1.0,50,358.608708
1.0,52,358.618446
1.0,64,358.630505
1.0,54,358.640583
1.0,52,358.650285
1.0,54,358.66037
1.0,62,358.672066
1.0,54,358.682225
1.0,50,358.691582
1.0,62,358.70316
1.0,50,358.712538
1.0,58,358.72341
1.0,54,358.73358
1.0,54,358.743697
1.0,52,358.753425
1.0,58,358.76429
1.0,56,358.774801
1.0,62,358.786419
1.0,56,358.796926
1.0,52,358.80668
1.0,52,358.816427
1.0,66,358.828766
1.0,56,358.83922
1.0,58,358.850108
1.0,54,358.860338
1.0,54,358.870436
1.0,56,358.881039
1.0,62,358.892673
1.0,58,358.903583
1.0,60,358.914793
1.0,52,358.924543
1.0,58,358.935394
1.0,56,358.945891
1.0,56,358.956439
1.0,58,358.967299
1.0,60,358.978601
1.0,52,358.988372
1.0,58,358.999248
1.0,52,359.008999
1.0,56,359.019494
1.0,54,359.029597
1.0,56,359.040074
1.0,52,359.049816
1.0,54,359.059926
1.0,56,359.070494
1.0,54,359.080809
1.0,60,359.092027
1.0,54,359.10214
1.0,52,359.111885
1.0,52,359.121652
1.0,64,359.133727
1.0,54,359.143839
1.0,62,359.155447
1.0,54,359.165598
1.0,60,359.176853
1.0,52,359.186624
1.0,60,359.197886
1.0,56,359.208415
1.0,56,359.218924
1.0,66,359.23134
1.0,56,359.241897
1.0,54,359.252054
1.0,60,359.263265
1.0,56,359.27377
1.0,58,359.28478
1.0,58,359.295689
1.0,52,359.305491
1.0,54,359.31562
1.0,56,359.326126
1.0,54,359.336256
1.0,58,359.34714
1.0,56,359.357621
1.0,60,359.368877
1.0,60,359.380118
1.0,60,359.3914
1.0,58,359.402289
1.0,58,359.413172
1.0,66,359.425567
1.0,58,359.436532
1.0,54,359.446734
1.0,60,359.457994
1.0,56,359.468511
1.0,58,359.479357
1.0,56,359.489991
1.0,56,359.500508
1.0,58,359.5114
1.0,56,359.521947
1.0,56,359.532475
1.0,62,359.544114
1.0,52,359.553891
1.0,60,359.565148
1.0,54,359.575308
1.0,68,359.588046
1.0,54,359.598169
1.0,54,359.608281
1.0,52,359.618055
1.0,52,359.627815
1.0,56,359.638314
1.0,60,359.649565
1.0,60,359.660805
1.0,60,359.672005
1.0,50,359.681419
1.0,60,359.692804
1.0,56,359.703348
1.0,54,359.71353
1.0,60,359.724812
1.0,54,359.734958
1.0,62,359.746586
1.0,64,359.758536
1.0,60,359.769732
1.0,50,359.779131
1.0,54,359.789268
1.0,64,359.801275
1.0,52,359.811032
1.0,60,359.822286
1.0,58,359.833191
1.0,54,359.843334
1.0,56,359.853942
1.0,50,359.863354
1.0,58,359.874237
1.0,58,359.885146
1.0,60,359.896499
1.0,56,359.907037
1.0,58,359.917882
1.0,60,359.929089
1.0,50,359.938445
1.0,54,359.948522
1.0,50,359.957895
1.0,56,359.968446
1.0,54,359.978584
1.0,56,359.98907
1.0,54,359.999248
1.0,56,360.009766
1.0,56,360.020324
1.0,54,360.030442
1.0,58,360.041274
1.0,56,360.051726
1.0,58,360.062563
1.0,52,360.07229
1.0,64,360.084302
1.0,52,360.094048
1.0,62,360.105743
1.0,62,360.117306
1.0,58,360.128108
1.0,60,360.139369
1.0,58,360.150189
1.0,54,360.16027
1.0,52,360.169992
1.0,58,360.180838
1.0,52,360.190656
1.0,52,360.200379
1.0,60,360.211553
1.0,56,360.222044
1.0,50,360.231396
1.0,54,360.241485
1.0,60,360.252723
1.0,54,360.262848
1.0,56,360.273305
1.0,66,360.285632
1.0,60,360.296851
1.0,58,360.307893
1.0,56,360.318359
1.0,54,360.328439
1.0,60,360.339623
1.0,54,360.349704
1.0,66,360.362092
1.0,58,360.372918
1.0,54,360.382992
1.0,60,360.394232
1.0,60,360.405401
1.0,50,360.414843
1.0,58,360.425628
1.0,50,360.434981
1.0,54,360.445086
1.0,60,360.456269
1.0,64,360.46829
1.0,52,360.477994
1.0,58,360.488953
1.0,58,360.49977
1.0,60,360.511102
1.0,58,360.521913
1.0,62,360.533515
1.0,60,360.544683
1.0,60,360.555886
1.0,58,360.566705
1.0,52,360.576432
1.0,60,360.587703
1.0,60,360.598929
1.0,62,360.610462
1.0,58,360.62129
1.0,58,360.632123
1.0,66,360.644475
1.0,56,360.654956
1.0,54,360.66506
1.0,64,360.676983
1.0,58,360.687822
1.0,56,360.698357
1.0,55,360.708628
1.0,52,360.718445
1.0,58,360.729274
1.0,58,360.740081
1.0,62,360.751707
1.0,58,360.762549
1.0,56,360.773
1.0,62,360.784572
1.0,54,360.79468
1.0,52,360.80446
1.0,56,360.814956
1.0,50,360.824306
1.0,52,360.834041
1.0,60,360.845245
1.0,56,360.855714
1.0,54,360.865843
1.0,54,360.875925
1.0,54,360.88602
1.0,60,360.897205
1.0,60,360.908367
1.0,58,360.91935
1.0,56,360.929794
1.0,56,360.940218
1.0,54,360.950307
1.0,54,360.960415
1.0,60,360.971673
1.0,64,360.983634
1.0,58,360.994472
1.0,58,361.005317
1.0,54,361.015373
1.0,52,361.025105
1.0,52,361.034878
1.0,54,361.04495
1.0,58,361.055763
1.0,58,361.066585
1.0,62,361.078146
1.0,60,361.089396
1.0,54,361.099488
1.0,58,361.110258
1.0,58,361.121233
1.0,56,361.131698
1.0,56,361.142209
1.0,76,361.156355
1.0,52,361.166084
1.0,54,361.176176
1.0,54,361.186234
1.0,58,361.197133
1.0,54,361.207206
1.0,54,361.21729
1.0,52,361.227001
1.0,52,361.236709
1.0,58,361.247539
1.0,52,361.257299
1.0,50,361.266637
1.0,54,361.276713
1.0,64,361.288642
1.0,50,361.297987
1.0,54,361.308138
1.0,58,361.318952
1.0,62,361.330673
1.0,52,361.340349
1.0,60,361.35151
1.0,62,361.36312
1.0,58,361.373943
1.0,50,361.383292
1.0,62,361.394865
1.0,64,361.406807
1.0,54,361.416943
1.0,52,361.426732
1.0,56,361.437187
1.0,62,361.448747
1.0,50,361.458073
1.0,60,361.469281
1.0,56,361.479801
1.0,56,361.490219
1.0,58,361.501019
1.0,54,361.511134
1.0,66,361.523409
1.0,50,361.532964
1.0,52,361.542676
1.0,58,361.553473
1.0,56,361.563925
1.0,60,361.575079
1.0,56,361.585521
1.0,54,361.595635
1.0,54,361.605703
1.0,56,361.616189
1.0,66,361.628474
1.0,54,361.638561
1.0,70,361.651654
1.0,54,361.661734
1.0,64,361.673654
1.0,56,361.684089
1.0,56,361.694552
1.0,56,361.705076
1.0,54,361.715159
1.0,56,361.725616
1.0,60,361.736926
1.0,62,361.748519
1.0,56,361.759027
1.0,54,361.769104
1.0,54,361.779184
1.0,66,361.791472
1.0,56,361.801936
1.0,60,361.813156
1.0,54,361.823242
1.0,54,361.833342
1.0,54,361.843439
1.0,64,361.855377
1.0,54,361.865488
1.0,54,361.875633
1.0,52,361.885347
1.0,54,361.895441
1.0,56,361.905869
1.0,60,361.917075
1.0,56,361.927604
1.0,56,361.938197
1.0,52,361.947902
1.0,54,361.957977
1.0,52,361.967701
1.0,60,361.978927
1.0,52,361.988685
1.0,52,361.998411
1.0,68,362.011098
1.0,56,362.021569
1.0,58,362.032381
1.0,52,362.04216
1.0,52,362.051881
1.0,58,362.062679
1.0,64,362.074592
1.0,68,362.087285
1.0,62,362.098936
1.0,62,362.110473
1.0,64,362.122393
1.0,54,362.132461
1.0,58,362.143409
1.0,62,362.15503
1.0,56,362.165462
1.0,54,362.175547
1.0,58,362.186407
1.0,52,362.196121
1.0,54,362.20623
1.0,58,362.217068
1.0,60,362.228282
1.0,56,362.238742
1.0,56,362.249158
1.0,54,362.259222
1.0,56,362.269659
1.0,60,362.280868
1.0,64,362.292788
1.0,52,362.302491
1.0,56,362.312901
1.0,64,362.324829
1.0,54,362.334885
1.0,58,362.345827
1.0,56,362.356401
1.0,54,362.366473
1.0,66,362.378813
1.0,66,362.391109
1.0,54,362.401216
1.0,60,362.412436
1.0,62,362.424019
1.0,60,362.435191
1.0,54,362.4453
1.0,58,362.456113
1.0,54,362.466216
1.0,56,362.476666
1.0,62,362.488256
1.0,54,362.498352
1.0,54,362.50844
1.0,70,362.521514
1.0,58,362.532386
1.0,62,362.543944
1.0,50,362.553443
1.0,54,362.563513
1.0,56,362.57395
1.0,62,362.585541
1.0,52,362.595267
1.0,54,362.60535
1.0,54,362.615442
1.0,52,362.625149
1.0,58,362.635977
1.0,56,362.646471
1.0,56,362.656927
1.0,56,362.667351
1.0,56,362.67781
1.0,50,362.687155
1.0,62,362.698753
1.0,52,362.70847
1.0,56,362.718953
1.0,54,362.729061
1.0,52,362.738775
1.0,56,362.749167
1.0,72,362.762704
1.0,58,362.773538
1.0,52,362.783255
1.0,62,362.794909
1.0,58,362.805778
1.0,58,362.816606
1.0,56,362.827104
1.0,62,362.838618
1.0,60,362.849834
1.0,58,362.860684
1.0,54,362.870767
1.0,70,362.883806
1.0,52,362.893534
1.0,56,362.904003
1.0,58,362.914855
1.0,56,362.925317
1.0,52,362.935045
1.0,56,362.945501
1.0,60,362.95683
1.0,56,362.967355
1.0,52,362.977074
1.0,54,362.987191
1.0,58,362.998026
1.0,56,363.008483
1.0,52,363.018198
1.0,58,363.0291
1.0,52,363.03879
1.0,56,363.049262
1.0,52,363.058989
1.0,58,363.069806
1.0,62,363.081417
1.0,66,363.093679
1.0,52,363.103378
1.0,54,363.113454
1.0,50,363.122779
1.0,54,363.132859
1.0,56,363.143322
1.0,56,363.153749
1.0,52,363.163598
1.0,60,363.174778
1.0,54,363.18486
1.0,58,363.195729
1.0,52,363.205437
1.0,58,363.21625
1.0,56,363.226712
1.0,56,363.237168
1.0,60,363.248389
1.0,64,363.260356
1.0,56,363.270899
1.0,56,363.281352
1.0,60,363.29253
1.0,58,363.303365
1.0,54,363.313453
1.0,58,363.324318
1.0,70,363.337307
1.0,54,363.347386
1.0,62,363.358943
1.0,50,363.368436
1.0,62,363.380013
1.0,52,363.389724
1.0,52,363.399458
1.0,58,363.410292
1.0,54,363.420401
1.0,62,363.431948
1.0,52,363.441668
1.0,74,363.455437
1.0,54,363.465526
1.0,64,363.477479
1.0,60,363.488706
1.0,62,363.500296
1.0,52,363.510013
1.0,50,363.519372
1.0,56,363.529829
1.0,60,363.541029
1.0,62,363.552577
1.0,58,363.563374
1.0,54,363.573592
1.0,56,363.584066
1.0,62,363.595634
1.0,54,363.605692
1.0,54,363.615788
1.0,56,363.626208
1.0,58,363.637021
1.0,56,363.647498
1.0,64,363.659413
1.0,60,363.670571
1.0,60,363.681751
1.0,60,363.692933
1.0,56,363.703375
1.0,54,363.713456
1.0,54,363.723528
1.0,54,363.733618
1.0,56,363.744053
1.0,54,363.754148
1.0,52,363.763883
1.0,54,363.773965
1.0,58,363.784954
1.0,58,363.795771
1.0,56,363.806212
1.0,50,363.81555
1.0,62,363.827115
1.0,66,363.839429
1.0,58,363.850212
1.0,52,363.859983
1.0,58,363.870767
1.0,60,363.881956
1.0,68,363.894629
1.0,66,363.906908
1.0,56,363.917334
1.0,58,363.928182
1.0,54,363.938268
1.0,58,363.949127
1.0,52,363.958827
1.0,56,363.969247
1.0,62,363.981005
1.0,50,363.990334
1.0,60,364.001477
1.0,54,364.01158
1.0,54,364.021642
1.0,56,364.032109
1.0,56,364.042564
1.0,56,364.05299
1.0,52,364.062679
1.0,56,364.073092
1.0,64,364.085014
1.0,60,364.096205
1.0,54,364.106269
1.0,54,364.116359
1.0,54,364.126391
1.0,54,364.136424
1.0,66,364.148679
1.0,56,364.15913
1.0,54,364.169245
1.0,60,364.180384
1.0,56,364.190943
1.0,66,364.20327
1.0,54,364.21333
1.0,56,364.223882
1.0,54,364.233988
1.0,54,364.244095
1.0,52,364.253812
1.0,60,364.264991
1.0,58,364.275858
1.0,64,364.287792
1.0,58,364.298669
1.0,56,364.309176
1.0,56,364.319612
1.0,66,364.331902
1.0,52,364.34161
1.0,64,364.353546
1.0,54,364.363642
1.0,58,364.374461
1.0,56,364.384913
1.0,56,364.395489
1.0,58,364.406277
1.0,62,364.417849
1.0,70,364.430955
1.0,54,364.441043
1.0,70,364.454095
1.0,50,364.463429
1.0,60,364.474605
1.0,60,364.485754
1.0,62,364.497284
1.0,54,364.507356
1.0,60,364.518552
1.0,52,364.528298
1.0,58,364.539129
1.0,52,364.548809
1.0,62,364.560369
1.0,56,364.570821
1.0,54,364.580907
1.0,56,364.591462
1.0,56,364.601951
1.0,60,364.613142
1.0,62,364.624671
1.0,54,364.634763
1.0,58,364.645541
1.0,58,364.656369
1.0,54,364.666442
1.0,56,364.676872
1.0,58,364.687706
1.0,54,364.697796
1.0,58,364.708634
1.0,56,364.719088
1.0,56,364.72953
1.0,62,364.741084
1.0,54,364.751145
1.0,54,364.761207
1.0,58,364.772115
1.0,58,364.782926
1.0,54,364.792994
1.0,54,364.803204
1.0,62,364.81474
1.0,56,364.825175
1.0,54,364.835264
1.0,58,364.846116
1.0,58,364.856973
1.0,60,364.868197
1.0,56,364.878664
1.0,56,364.889101
1.0,62,364.900678
1.0,52,364.910382
1.0,52,364.920111
1.0,52,364.929807
1.0,62,364.941388
1.0,64,364.953364
1.0,54,364.963474
1.0,54,364.973553
1.0,60,364.984715
1.0,52,364.994423
1.0,52,365.004261
1.0,62,365.01582
1.0,52,365.02551
1.0,56,365.035979
1.0,66,365.048286
1.0,64,365.060309
1.0,52,365.070015
1.0,50,365.07935
1.0,52,365.089041
1.0,62,365.100583
1.0,54,365.110672
1.0,52,365.120377
1.0,56,365.130802
1.0,54,365.140851
1.0,52,365.150544
1.0,58,365.161357
1.0,50,365.170706
1.0,52,365.180453
1.0,56,365.190928
1.0,52,365.200608
1.0,64,365.212716
1.0,54,365.222805
1.0,60,365.234004
1.0,58,365.244801
1.0,56,365.255234
1.0,58,365.266029
1.0,52,365.275746
1.0,56,365.286233
1.0,50,365.295563
1.0,56,365.306006
1.0,54,365.316098
1.0,52,365.325792
1.0,54,365.335889
1.0,58,365.34668
1.0,50,365.356029
1.0,54,365.3661
1.0,56,365.376532
1.0,60,365.38774
1.0,62,365.399299
1.0,54,365.409519
1.0,54,365.419635
1.0,60,365.430894
1.0,54,365.440954
1.0,66,365.453314
1.0,58,365.464143
1.0,62,365.475704
1.0,62,365.487263
1.0,54,365.497341
1.0,60,365.508567
1.0,62,365.520134
1.0,54,365.530217
1.0,58,365.541031
1.0,52,365.550736
1.0,54,365.560835
1.0,50,365.570156
1.0,56,365.580592
1.0,52,365.590311
1.0,54,365.600405
1.0,56,365.610925
1.0,68,365.623718
1.0,52,365.63342
1.0,54,365.643505
1.0,58,365.654325
1.0,56,365.664796
1.0,54,365.674867
1.0,52,365.684573
1.0,56,365.694984
1.0,60,365.706178
1.0,56,365.716632
1.0,52,365.726322
1.0,58,365.737199
1.0,60,365.748429
1.0,58,365.759224
1.0,52,365.768911
1.0,56,365.779341
1.0,52,365.789021
1.0,60,365.800195
1.0,54,365.810275
1.0,52,365.820143
1.0,62,365.831697
1.0,52,365.841393
1.0,56,365.851829
1.0,56,365.862284
1.0,64,365.874206
1.0,56,365.884664
1.0,68,365.89729
1.0,54,365.907387
1.0,54,365.917467
1.0,56,365.927906
1.0,54,365.938073
1.0,50,365.94743
1.0,54,365.957563
1.0,56,365.967989
1.0,60,365.979178
1.0,56,365.989663
1.0,62,366.001267
1.0,56,366.011719
1.0,52,366.021575
1.0,64,366.033489
1.0,50,366.042814
1.0,58,366.053638
1.0,56,366.064093
1.0,52,366.073821
1.0,50,366.08315
1.0,54,366.093349
1.0,58,366.10416
1.0,60,366.11535
1.0,72,366.128767
1.0,62,366.140328
1.0,60,366.151499
1.0,50,366.160845
1.0,54,366.170926
1.0,56,366.181366
1.0,62,366.192889
1.0,60,366.204073
1.0,60,366.215257
1.0,62,366.22691
1.0,56,366.23735
1.0,54,366.247416
1.0,52,366.257107
1.0,52,366.266832
1.0,58,366.277644
1.0,60,366.288821
1.0,58,366.299619
1.0,56,366.310049
1.0,68,366.322667
1.0,68,366.335302
1.0,54,366.345373
1.0,54,366.355462
1.0,60,366.366624
1.0,52,366.376354
1.0,56,366.386786
1.0,52,366.396511
1.0,54,366.406578
1.0,54,366.416692
1.0,54,366.426847
1.0,56,366.437372
1.0,50,366.446748
1.0,62,366.458271
1.0,72,366.47165
1.0,58,366.482537
1.0,58,366.493354
1.0,50,366.502698
1.0,56,366.513096
1.0,52,366.522793
1.0,60,366.534025
1.0,54,366.544938
1.0,58,366.555773
1.0,60,366.566979
1.0,54,366.577082
1.0,56,366.587551
1.0,66,366.599851
1.0,60,366.61107
1.0,56,366.621541
1.0,58,366.632546
1.0,58,366.643322
1.0,62,366.654879
1.0,54,366.664958
1.0,58,366.675778
1.0,60,366.686975
1.0,56,366.697434
1.0,60,366.708637
1.0,56,366.719091
1.0,56,366.729553
1.0,56,366.740146
1.0,66,366.75244
1.0,60,366.763605
1.0,56,366.774055
1.0,62,366.785624
1.0,57,366.796339
1.0,66,366.808654
1.0,52,366.818378
1.0,60,366.829556
1.0,56,366.840122
1.0,58,366.850937
1.0,54,366.861007
1.0,52,366.870696
1.0,58,366.881509
1.0,52,366.89129
1.0,56,366.901746
1.0,60,366.912948
1.0,58,366.923795
1.0,64,366.935745
1.0,56,366.946239
1.0,58,366.957048
1.0,50,366.966384
1.0,54,366.976482
1.0,52,366.986215
1.0,56,366.996755
1.0,58,367.007576
1.0,64,367.019509
1.0,52,367.029244
1.0,52,367.039015
1.0,50,367.048477
1.0,58,367.059291
1.0,70,367.07233
1.0,56,367.082773
1.0,58,367.093637
1.0,62,367.105208
1.0,50,367.114563
1.0,52,367.12426
1.0,58,367.135078
1.0,54,367.145169
1.0,52,367.154896
1.0,56,367.165417
1.0,56,367.175865
1.0,70,367.188949
1.0,54,367.199028
1.0,66,367.211322
1.0,50,367.220741
1.0,58,367.231563
1.0,56,367.242036
1.0,54,367.252263
1.0,62,367.263798
1.0,56,367.274307
1.0,52,367.284015
1.0,56,367.294466
1.0,52,367.304198
1.0,56,367.314629
1.0,56,367.325105
1.0,54,367.33517
1.0,58,367.345994
1.0,56,367.356456
1.0,58,367.367311
1.0,62,367.378841
1.0,62,367.39045
1.0,62,367.40204
1.0,64,367.414209
1.0,56,367.424733
1.0,56,367.435209
1.0,62,367.446918
1.0,60,367.458216
1.0,56,367.468686
1.0,60,367.479884
1.0,60,367.491075
1.0,54,367.501152
1.0,54,367.511262
1.0,58,367.522092
1.0,52,367.531869
1.0,56,367.542328
1.0,58,367.553183
1.0,52,367.563023
1.0,54,367.573109
1.0,60,367.584346
1.0,52,367.594051
1.0,68,367.606743
1.0,62,367.618366
1.0,60,367.629615
1.0,64,367.641598
1.0,58,367.652599
1.0,56,367.663075
1.0,56,367.673531
1.0,60,367.684751
1.0,58,367.695585
1.0,50,367.704947
1.0,54,367.715029
1.0,54,367.725198
1.0,56,367.735679
1.0,60,367.746916
1.0,52,367.756681
1.0,56,367.767151
1.0,56,367.777628
1.0,58,367.788498
1.0,56,367.798983
1.0,58,367.809825
1.0,54,367.819898
1.0,56,367.830371
1.0,54,367.840494
1.0,50,367.84986
1.0,56,367.860472
1.0,54,367.87058
1.0,54,367.880644
1.0,58,367.891495
1.0,70,367.904543
1.0,50,367.913915
1.0,54,367.924013
1.0,56,367.934471
1.0,56,367.944965
1.0,52,367.954672
1.0,60,367.965977
1.0,54,367.976178
1.0,54,367.98632
1.0,62,367.997938
1.0,54,368.008089
1.0,54,368.018225
1.0,60,368.029446
1.0,54,368.039552
1.0,54,368.049656
1.0,64,368.061787
1.0,50,368.071141
1.0,62,368.082682
1.0,56,368.093149
1.0,54,368.103247
1.0,56,368.113694
1.0,54,368.1238
1.0,52,368.133515
1.0,56,368.143965
1.0,56,368.154452
1.0,68,368.167216
1.0,62,368.178777
1.0,52,368.188518
1.0,52,368.198306
1.0,66,368.21066
1.0,54,368.220764
1.0,56,368.231282
1.0,56,368.241769
1.0,60,368.252986
1.0,58,368.263965
1.0,60,368.27519
1.0,62,368.286754
1.0,58,368.297576
1.0,58,368.308439
1.0,54,368.318516
1.0,52,368.328248
1.0,58,368.339112
1.0,60,368.3503
1.0,54,368.360428
1.0,58,368.371278
1.0,56,368.381743
1.0,52,368.39147
1.0,56,368.401919
1.0,66,368.414231
1.0,58,368.425103
1.0,60,368.436309
1.0,56,368.446801
1.0,60,368.458008
1.0,54,368.468265
1.0,52,368.478004
1.0,62,368.489593
1.0,54,368.499722
1.0,62,368.511278
1.0,52,368.520987
1.0,56,368.531445
1.0,68,368.544077
1.0,54,368.554165
1.0,62,368.565755
1.0,60,368.576956
1.0,50,368.586304
1.0,54,368.59639
1.0,58,368.607232
1.0,60,368.618433
1.0,56,368.628901
1.0,60,368.640104
1.0,52,368.649816
1.0,58,368.660632
1.0,58,368.671568
1.0,52,368.681285
1.0,50,368.690625
1.0,56,368.701087
1.0,56,368.711567
1.0,56,368.722061
1.0,56,368.732525
1.0,54,368.742644
1.0,54,368.752717
1.0,60,368.763919
1.0,56,368.77439
1.0,64,368.786331
1.0,54,368.796428
1.0,56,368.806852
1.0,64,368.818819
1.0,58,368.829647
1.0,60,368.840833
1.0,60,368.852038
1.0,56,368.862486
1.0,58,368.873316
1.0,60,368.884664
1.0,60,368.895889
1.0,52,368.905594
1.0,58,368.916455
1.0,58,368.927281
1.0,52,368.936997
1.0,56,368.947462
1.0,54,368.957541
1.0,56,368.968015
1.0,54,368.978117
1.0,60,368.989308
1.0,66,369.001638
1.0,64,369.013587
1.0,56,369.024067
1.0,54,369.034152
1.0,56,369.044638
1.0,62,369.056247
1.0,60,369.067459
1.0,60,369.078691
1.0,56,369.089251
1.0,56,369.099741
1.0,54,369.109834
1.0,56,369.120285
1.0,60,369.131485
1.0,62,369.143068
1.0,62,369.15465
1.0,56,369.165119
1.0,60,369.176331
1.0,63,369.188106
1.0,52,369.197855
1.0,56,369.208327
1.0,56,369.218791
1.0,56,369.229284
1.0,62,369.240854
1.0,56,369.251323
1.0,50,369.260668
1.0,58,369.271477
1.0,54,369.281539
1.0,56,369.292159
1.0,64,369.304098
1.0,60,369.315287
1.0,52,369.324969
1.0,60,369.336172
1.0,52,369.345889
1.0,58,369.356733
1.0,58,369.36756
1.0,68,369.380269
1.0,60,369.391491
1.0,60,369.402693
1.0,60,369.413913
1.0,64,369.425843
1.0,64,369.437797
1.0,54,369.4479
1.0,60,369.459105
1.0,72,369.47247
1.0,64,369.484422
1.0,50,369.493921
1.0,56,369.50439
1.0,58,369.51523
1.0,52,369.524971
1.0,54,369.53507
1.0,58,369.545899
1.0,52,369.555604
1.0,62,369.567168
1.0,72,369.580581
1.0,50,369.589921
1.0,56,369.600393
1.0,54,369.610496
1.0,52,369.620219
1.0,64,369.632181
1.0,60,369.643404
1.0,54,369.653492
1.0,52,369.663221
1.0,60,369.674443
1.0,64,369.686384
1.0,62,369.698111
1.0,56,369.708558
1.0,60,369.719764
1.0,58,369.730584
1.0,60,369.741788
1.0,54,369.751882
1.0,64,369.763851
1.0,64,369.775835
1.0,64,369.787801
1.0,54,369.797898
1.0,62,369.809444
1.0,56,369.819912
1.0,54,369.830125
1.0,56,369.840608
1.0,60,369.851818
1.0,58,369.862657
1.0,58,369.873504
1.0,68,369.88619
1.0,54,369.896417
1.0,50,369.905786
1.0,56,369.916253
1.0,60,369.927444
1.0,56,369.937892
1.0,70,369.950986
1.0,58,369.961841
1.0,54,369.971945
1.0,54,369.982061
1.0,54,369.992146
1.0,52,370.001873
1.0,52,370.011621
1.0,56,370.022088
1.0,56,370.032563
1.0,62,370.04415
1.0,58,370.054993
1.0,66,370.0673
1.0,60,370.078506
1.0,56,370.088942
1.0,56,370.0995
1.0,66,370.111864
1.0,68,370.124566
1.0,58,370.135439
1.0,60,370.14667
1.0,62,370.158268
1.0,64,370.170249
1.0,60,370.181483
1.0,56,370.191958
1.0,56,370.202433
1.0,54,370.212575
1.0,54,370.222682
1.0,54,370.232746
1.0,58,370.243573
1.0,60,370.254767
1.0,54,370.264859
1.0,52,370.27462
1.0,66,370.28697
1.0,60,370.298196
1.0,58,370.309211
1.0,54,370.319326
1.0,62,370.330917
1.0,62,370.342477
1.0,50,370.351818
1.0,54,370.361914
1.0,60,370.373112
1.0,54,370.38324
1.0,62,370.394838
1.0,50,370.40418
1.0,56,370.414671
1.0,56,370.425126
1.0,56,370.435593
1.0,62,370.447148
1.0,60,370.458332
1.0,52,370.468054
1.0,58,370.4789
1.0,54,370.488994
1.0,52,370.498727
1.0,54,370.508978
1.0,54,370.519109
1.0,60,370.530407
1.0,56,370.540992
1.0,61,370.552416
1.0,58,370.563266
1.0,66,370.575553
1.0,52,370.585253
1.0,64,370.597211
1.0,62,370.608813
1.0,62,370.620373
1.0,58,370.631185
1.0,64,370.643128
1.0,58,370.653955
1.0,56,370.664437
1.0,58,370.675247
1.0,60,370.686414
1.0,68,370.699205
1.0,50,370.708563
1.0,56,370.719148
1.0,62,370.730945
1.0,58,370.741865
1.0,60,370.753261
1.0,54,370.763525
1.0,54,370.773623
1.0,60,370.785186
1.0,52,370.795813
1.0,56,370.806715
1.0,54,370.817159
1.0,58,370.828439
1.0,56,370.839311
1.0,54,370.849739
1.0,62,370.861788
1.0,56,370.872633
1.0,54,370.882958
1.0,52,370.892889
1.0,66,370.905316
1.0,54,370.915564
1.0,52,370.925431
1.0,52,370.935264
1.0,54,370.945495
1.0,54,370.95561
1.0,58,370.966478
1.0,54,370.976674
1.0,58,370.987509
1.0,60,370.998782
1.0,58,371.009628
1.0,54,371.019727
1.0,58,371.030613
1.0,54,371.040743
1.0,56,371.051243
1.0,58,371.06211
1.0,56,371.072613
1.0,56,371.083108
1.0,54,371.093205
1.0,78,371.107791
1.0,62,371.11948
1.0,56,371.129978
1.0,62,371.141588
1.0,54,371.151685
1.0,58,371.162479
1.0,52,371.172218
1.0,52,371.18197
1.0,56,371.192529
1.0,60,371.203892
1.0,60,371.215185
1.0,58,371.226326
1.0,64,371.238516
1.0,62,371.25032
1.0,60,371.261677
1.0,52,371.271506
1.0,54,371.281687
1.0,58,371.292646
1.0,54,371.302886
1.0,60,371.314238
1.0,52,371.324258
1.0,60,371.335525
1.0,54,371.345696
1.0,58,371.356703
1.0,56,371.367238
1.0,54,371.377334
1.0,54,371.387507
1.0,60,371.398742
1.0,64,371.410721
1.0,56,371.421249
1.0,54,371.431426
1.0,62,371.443102
1.0,60,371.454377
1.0,58,371.465236
1.0,58,371.476088
1.0,60,371.487351
1.0,62,371.498992
1.0,54,371.509113
1.0,54,371.519242
1.0,54,371.5295
1.0,54,371.539596
1.0,56,371.550122
1.0,54,371.560291
1.0,58,371.571202
1.0,62,371.582822
1.0,58,371.593707
1.0,58,371.604551
1.0,57,371.615276
1.0,58,371.626148
1.0,58,371.63701
1.0,50,371.646414
1.0,108,371.666902
1.0,68,371.679711
1.0,58,371.690614
1.0,58,371.701517
1.0,60,371.712898
1.0,60,371.724143
1.0,62,371.735898
1.0,68,371.748595
1.0,62,371.760198
1.0,58,371.771063
1.0,60,371.782311
1.0,54,371.792456
1.0,56,371.802963
1.0,60,371.814202
1.0,56,371.824703
1.0,52,371.834456
1.0,58,371.845362
1.0,60,371.856625
1.0,62,371.868225
1.0,52,371.87798
1.0,54,371.888109
1.0,54,371.898248
1.0,56,371.908754
1.0,60,371.920005
1.0,50,371.929369
1.0,64,371.941476
1.0,64,371.95348
1.0,59,371.964552
1.0,56,371.975049
1.0,64,371.987007
1.0,60,371.998251
1.0,56,372.008752
1.0,54,372.018876
1.0,60,372.030108
1.0,56,372.040589
1.0,56,372.051047
1.0,60,372.062279
1.0,54,372.072384
1.0,52,372.082154
1.0,58,372.093023
1.0,54,372.103109
1.0,62,372.11475
1.0,58,372.125664
1.0,54,372.135806
1.0,58,372.146789
1.0,62,372.158386
1.0,52,372.168142
1.0,62,372.179731
1.0,58,372.190573
1.0,72,372.203998
1.0,62,372.215582
1.0,58,372.226417
1.0,58,372.237248
1.0,62,372.248839
1.0,62,372.26044
1.0,56,372.270894
1.0,54,372.28098
1.0,58,372.291782
1.0,60,372.302988
1.0,54,372.31307
1.0,62,372.324675
1.0,60,372.335875
1.0,62,372.347602
1.0,52,372.357328
1.0,56,372.367811
1.0,50,372.377182
1.0,58,372.388012
1.0,58,372.39887
1.0,58,372.409692
1.0,56,372.420192
1.0,54,372.430314
1.0,68,372.442961
1.0,52,372.452676
1.0,52,372.462406
1.0,54,372.472499
1.0,62,372.484082
1.0,56,372.49457
1.0,52,372.504306
1.0,58,372.515164
1.0,56,372.525633
1.0,54,372.535749
1.0,54,372.545817
1.0,60,372.55719
1.0,60,372.568386
1.0,58,372.579228
1.0,58,372.590118
1.0,54,372.60025
1.0,54,372.610378
1.0,54,372.620568
1.0,56,372.631149
1.0,66,372.643603
1.0,50,372.652987
1.0,58,372.663914
1.0,58,372.674884
1.0,56,372.685441
1.0,50,372.69489
1.0,58,372.705788
1.0,56,372.716358
1.0,54,372.726546
1.0,58,372.737458
1.0,52,372.747296
1.0,56,372.757977
1.0,60,372.769335
1.0,62,372.780934
1.0,60,372.792172
1.0,58,372.803047
1.0,70,372.816097
1.0,62,372.827706
1.0,56,372.838205
1.0,54,372.848332
1.0,56,372.858808
1.0,60,372.870021
1.0,58,372.880883
1.0,56,372.891361
1.0,56,372.901871
1.0,60,372.913109
1.0,56,372.923642
1.0,56,372.934156
1.0,56,372.944668
1.0,56,372.955152
1.0,58,372.966128
1.0,58,372.976963
1.0,54,372.987077
1.0,58,372.99795
1.0,56,373.008494
1.0,54,373.018587
1.0,56,373.029044
1.0,56,373.039537
1.0,70,373.052595
1.0,60,373.063827
1.0,58,373.074732
1.0,64,373.086698
1.0,56,373.097224
1.0,56,373.107716
1.0,54,373.117841
1.0,54,373.127964
1.0,54,373.138074
1.0,58,373.14894
1.0,58,373.159833
1.0,52,373.169708
1.0,64,373.181681
1.0,52,373.191434
1.0,52,373.201173
1.0,56,373.211645
1.0,70,373.224727
1.0,54,373.234873
1.0,58,373.245762
1.0,64,373.257729
1.0,54,373.267859
1.0,50,373.277224
1.0,54,373.287337
1.0,62,373.298912
1.0,54,373.308989
1.0,64,373.32096
1.0,56,373.331469
1.0,54,373.341572
1.0,60,373.352803
1.0,54,373.362958
1.0,60,373.374352
1.0,60,373.385658
1.0,56,373.396186
1.0,64,373.408163
1.0,60,373.419403
1.0,54,373.429513
1.0,58,373.440372
1.0,58,373.451218
1.0,54,373.461357
1.0,58,373.472208
1.0,52,373.481965
1.0,62,373.493578
1.0,64,373.505595
1.0,58,373.516459
1.0,58,373.527325
1.0,60,373.53852
1.0,54,373.548631
1.0,52,373.558411
1.0,56,373.568926
1.0,54,373.579201
1.0,58,373.590158
1.0,52,373.599909
1.0,64,373.611885
1.0,52,373.621627
1.0,54,373.63175
1.0,62,373.643351
1.0,70,373.656466
1.0,60,373.667677
1.0,54,373.677764
1.0,56,373.688272
1.0,60,373.699509
1.0,62,373.711098
1.0,56,373.721658
1.0,60,373.732934
1.0,56,373.743487
1.0,56,373.753982
1.0,60,373.765224
1.0,56,373.775896
1.0,54,373.786039
1.0,62,373.797684
1.0,54,373.807837
1.0,60,373.819097
1.0,59,373.830137
1.0,62,373.841737
1.0,52,373.851482
1.0,60,373.862657
1.0,52,373.872422
1.0,56,373.882926
1.0,58,373.893785
1.0,60,373.905038
1.0,60,373.916273
1.0,54,373.926398
1.0,52,373.936148
1.0,62,373.947744
1.0,58,373.958609
1.0,52,373.968381
1.0,54,373.978517
1.0,52,373.988375
1.0,62,373.999958
1.0,50,374.009333
1.0,56,374.019824
1.0,54,374.029911
1.0,62,374.041526
1.0,56,374.052043
1.0,54,374.062154
1.0,60,374.073453
1.0,56,374.083966
1.0,52,374.093706
1.0,60,374.104969
1.0,60,374.116185
1.0,60,374.127445
1.0,60,374.138692
1.0,56,374.14921
1.0,70,374.162234
1.0,56,374.17272
1.0,54,374.182866
1.0,58,374.193822
1.0,52,374.203601
1.0,54,374.213713
1.0,62,374.225324
1.0,52,374.235059
1.0,74,374.248863
1.0,60,374.260094
1.0,56,374.270594
1.0,72,374.284025
1.0,56,374.294523
1.0,62,374.306131
1.0,52,374.315864
1.0,52,374.325606
1.0,54,374.335697
1.0,54,374.345781
1.0,56,374.356263
1.0,62,374.367837
1.0,60,374.379077
1.0,52,374.388957
1.0,54,374.399091
1.0,54,374.409206
1.0,54,374.419322
1.0,60,374.430541
1.0,64,374.442532
1.0,56,374.453036
1.0,56,374.463524
1.0,52,374.473291
1.0,58,374.484127
1.0,54,374.494254
1.0,54,374.504387
1.0,54,374.514517
1.0,58,374.52539
1.0,64,374.537405
1.0,64,374.549419
1.0,64,374.5614
1.0,56,374.571906
1.0,56,374.582383
1.0,54,374.592633
1.0,56,374.603108
1.0,58,374.613945
1.0,54,374.62413
1.0,54,374.634245
1.0,54,374.644388
1.0,54,374.654536
1.0,56,374.665031
1.0,62,374.676653
1.0,60,374.688177
1.0,60,374.699386
1.0,60,374.710624
1.0,56,374.721136
1.0,54,374.731279
1.0,52,374.741009
1.0,52,374.750736
1.0,54,374.760856
1.0,56,374.771353
1.0,52,374.781096
1.0,56,374.79158
1.0,58,374.802558
1.0,54,374.812682
1.0,56,374.823192
1.0,62,374.834963
1.0,58,374.845796
1.0,52,374.855545
1.0,60,374.866771
1.0,52,374.876517
1.0,58,374.887378
1.0,56,374.897859
1.0,60,374.909086
1.0,60,374.920284
1.0,62,374.931847
1.0,66,374.944181
1.0,58,374.955042
1.0,56,374.965543
1.0,68,374.978218
1.0,60,374.989439
1.0,54,374.999687
1.0,58,375.010533
1.0,60,375.02175
1.0,54,375.031857
1.0,80,375.046808
1.0,52,375.056548
1.0,58,375.067405
1.0,56,375.077878
1.0,52,375.087629
1.0,66,375.099957
1.0,66,375.1123
1.0,54,375.12242
1.0,56,375.132898
1.0,60,375.144114
1.0,54,375.154205
1.0,62,375.165785
1.0,52,375.175523
1.0,58,375.186361
1.0,60,375.197629
1.0,54,375.207928
1.0,54,375.218038
1.0,68,375.230728
1.0,62,375.2423
1.0,64,375.254287
1.0,54,375.264412
1.0,52,375.274192
1.0,54,375.284287
1.0,52,375.294006
1.0,58,375.304849
1.0,54,375.314953
1.0,50,375.324336
1.0,52,375.334053
1.0,58,375.344889
1.0,60,375.356133
1.0,56,375.366595
1.0,54,375.376713
1.0,56,375.387204
1.0,54,375.397305
1.0,64,375.409393
1.0,56,375.4199
1.0,50,375.429258
1.0,58,375.440152
1.0,50,375.449557
1.0,58,375.46055
